0.21 0.0114441
0.37 0.0305176
0.39 0.0305176
0.42 0.0305176
0.44 0.0305176
0.47 0.0305176
0.50 0.0305176
0.52 0.0305176
0.55 0.0305176
0.58 0.0305176
0.60 0.0305176
0.63 0.0305176
0.65 0.0305176
0.68 0.0305176
0.71 0.0305176
0.73 0.0305176
0.76 0.0305176
0.78 0.0305176
0.81 0.0305176
0.84 0.0305176
0.86 0.0305176
0.89 0.0305176
0.92 0.0305176
0.94 0.0305176
0.97 0.0305176
0.99 0.0305176
1.02 0.0305176
1.05 0.0305176
1.07 0.0305176
1.10 0.0305176
1.13 0.0305176
1.15 0.0305176
1.18 0.0305176
1.20 0.0305176
1.23 0.0305176
1.26 0.0305176
1.28 0.0305176
1.31 0.0305176
1.34 0.0305176
1.36 0.0305176
1.39 0.0305176
1.41 0.0305176
1.44 0.0305176
1.47 0.0305176
1.49 0.0305176
1.52 0.0305176
1.55 0.0305176
1.57 0.0305176
1.60 0.0305176
1.62 0.0305176
1.65 0.0305176
1.68 0.0305176
1.70 0.0305176
1.73 0.0305176
1.76 0.0305176
1.78 0.0305176
1.81 0.0305176
1.83 0.0305176
1.86 0.0305176
1.89 0.0305176
1.91 0.0305176
1.94 0.0305176
1.97 0.0305176
1.99 0.0305176
2.02 0.0305176
2.04 0.0305176
2.07 0.0305176
2.10 0.0305176
2.12 0.0305176
2.15 0.0305176
2.18 0.0305176
2.20 0.0305176
2.23 0.0305176
2.25 0.0305176
2.28 0.0305176
2.31 0.0305176
2.33 0.0305176
2.36 0.0305176
2.39 0.0305176
2.41 0.0305176
2.44 0.0305176
2.46 0.0305176
2.49 0.0305176
2.52 0.0305176
2.54 0.0305176
2.57 0.0305176
2.59 0.0305176
2.62 0.0305176
2.65 0.0305176
2.67 0.0305176
2.70 0.0305176
2.73 0.0305176
2.75 0.0305176
2.78 0.0305176
2.80 0.0305176
2.83 0.0305176
2.86 0.0305176
2.88 0.0305176
2.91 0.0305176
2.94 0.0305176
2.96 0.0305176
2.99 0.0305176
3.01 0.0305176
3.04 0.0305176
3.07 0.0305176
3.09 0.0305176
3.12 0.0305176
3.15 0.0305176
3.17 0.0305176
3.20 0.0305176
3.22 0.0305176
3.25 0.0305176
3.28 0.0305176
3.30 0.0305176
3.33 0.0305176
3.36 0.0305176
3.38 0.0305176
3.41 0.0305176
3.43 0.0305176
3.46 0.0305176
3.49 0.0305176
3.51 0.0305176
3.54 0.0305176
3.57 0.0305176
3.59 0.0305176
3.63 0.0305176
3.65 0.0305176
3.67 0.0305176
3.70 0.0305176
3.75 0.0305176
3.79 0.0305176
3.80 0.0305176
3.83 0.0305176
3.88 0.0305176
3.92 0.0305176
3.94 0.0305176
3.98 0.0305176
3.99 0.0114441
4.10 0.0114441
4.26 0.0114441
4.41 0.0114441
4.58 0.0114441
4.76 0.0610352
4.79 0.0305176
4.82 0.0305176
4.85 0.0305176
4.87 0.0305176
4.89 0.0305176
4.92 0.0305176
4.94 0.0305176
4.97 0.0305176
