time(s)	cellId	rnti	lcid	packetSize
3.00032	2	5	3	17
3.00038	2	5	3	10
3.00038	2	1	3	10
3.00044	2	5	3	10
3.00044	2	1	3	10
3.0005	2	5	3	10
3.0005	2	1	3	10
3.00057	2	5	3	10
3.00057	2	1	3	10
3.00063	2	5	3	13
3.00063	2	1	3	17
3.00069	2	1	3	13
3.03588	2	7	3	17
3.03594	2	7	3	10
3.03594	2	6	3	10
3.036	2	7	3	10
3.036	2	6	3	10
3.03607	2	7	3	10
3.03607	2	6	3	10
3.03613	2	7	3	10
3.03613	2	6	3	10
3.03619	2	7	3	13
3.03619	2	6	3	17
3.03625	2	6	3	13
3.03975	2	3	3	17
3.03982	2	3	3	17
3.03988	2	3	3	17
3.03994	2	3	3	15
3.07175	2	5	3	110
3.07194	2	1	3	110
3.07219	2	5	3	354
3.07238	2	1	3	32
3.10732	2	7	3	110
3.10744	2	6	3	110
3.10775	2	7	3	110
3.10788	2	6	3	110
3.10819	2	7	3	63
3.10832	2	6	3	63
3.12188	2	3	3	56
3.14369	2	1	3	110
3.14382	2	5	3	56
3.14413	2	1	3	110
3.14432	2	5	3	56
3.14457	2	1	3	63
3.14475	2	5	3	110
3.14519	2	5	3	60
3.14688	2	3	3	56
3.17588	2	3	3	56
3.17844	2	7	3	56
3.17857	2	6	3	56
3.17888	2	7	3	110
3.179	2	6	3	110
3.17932	2	7	3	110
3.17944	2	6	3	110
3.17975	2	7	3	110
3.17988	2	6	3	110
3.18019	2	7	3	110
3.18032	2	6	3	110
3.18063	2	7	3	13
3.18075	2	6	3	13
3.20394	2	3	3	56
3.21488	2	1	3	110
3.21525	2	5	3	56
3.21538	2	1	3	110
3.21575	2	5	3	56
3.21582	2	1	3	110
3.21619	2	5	3	56
3.21625	2	1	3	110
3.21657	2	5	3	110
3.21669	2	1	3	41
3.217	2	5	3	110
3.21744	2	5	3	63
3.21782	2	5	3	110
3.21825	2	5	3	4
3.22288	2	3	3	56
3.24957	2	7	3	110
3.24969	2	6	3	110
3.25	2	7	3	110
3.25013	2	6	3	110
3.25044	2	7	3	110
3.25057	2	6	3	110
3.25088	2	7	3	110
3.251	2	6	3	110
3.25132	2	7	3	110
3.25144	2	6	3	110
3.25175	2	7	3	110
3.25188	2	6	3	110
3.25219	2	7	3	231
3.25232	2	6	3	110
3.25263	2	7	3	110
3.25275	2	6	3	110
3.25307	2	7	3	15
3.25319	2	6	3	110
3.25363	2	6	3	28
3.25388	2	3	3	56
3.28088	2	3	3	56
3.28669	2	5	3	110
3.28713	2	5	3	110
3.28757	2	5	3	63
3.28794	2	5	3	56
3.28807	2	1	3	110
3.28844	2	5	3	56
3.2885	2	1	3	110
3.28894	2	5	3	56
3.28894	2	1	3	110
3.28938	2	1	3	110
3.28944	2	5	3	56
3.28982	2	1	3	110
3.29	2	5	3	56
3.29025	2	1	3	110
3.2905	2	5	3	56
3.29069	2	1	3	186
3.291	2	5	3	56
3.29107	2	1	3	110
3.29138	2	5	3	110
3.2915	2	1	3	4
3.29182	2	5	3	110
3.29225	2	5	3	63
3.29263	2	5	3	110
3.29307	2	5	3	60
3.30588	2	3	3	56
3.32069	2	7	3	110
3.32082	2	6	3	110
3.32113	2	7	3	110
3.32125	2	6	3	110
3.32157	2	7	3	110
3.32169	2	6	3	110
3.322	2	7	3	110
3.32213	2	6	3	110
3.32244	2	7	3	110
3.32257	2	6	3	110
3.32288	2	7	3	110
3.323	2	6	3	110
3.32332	2	7	3	231
3.32344	2	6	3	110
3.32375	2	7	3	110
3.32388	2	6	3	110
3.32419	2	7	3	110
3.32432	2	6	3	231
3.32463	2	7	3	110
3.32475	2	6	3	110
3.32507	2	7	3	110
3.32519	2	6	3	110
3.3255	2	7	3	110
3.32563	2	6	3	110
3.32594	2	7	3	110
3.32607	2	6	3	110
3.32638	2	7	3	110
3.3265	2	6	3	110
3.32682	2	7	3	110
3.32694	2	6	3	110
3.32725	2	7	3	231
3.32738	2	6	3	110
3.32769	2	7	3	29
3.32782	2	6	3	110
3.32825	2	6	3	42
3.33388	2	3	3	56
3.35813	2	5	3	110
3.35857	2	5	3	110
3.359	2	5	3	63
3.35944	2	5	3	56
3.3595	2	1	3	110
3.35982	2	5	3	56
3.35994	2	1	3	60
3.36019	2	5	3	56
3.36069	2	5	3	56
3.36113	2	5	3	56
3.36163	2	5	3	56
3.36207	2	5	3	56
3.36263	2	5	3	56
3.36313	2	5	3	56
3.3635	2	5	3	56
3.364	2	5	3	56
3.36444	2	5	3	56
3.36469	2	3	3	56
3.36494	2	5	3	56
3.36544	2	5	3	56
3.36594	2	5	3	56
3.3665	2	5	3	110
3.36694	2	5	3	60
3.36732	2	5	3	110
3.36775	2	5	3	110
3.36819	2	5	3	63
3.36857	2	5	3	110
3.369	2	5	3	110
3.36944	2	5	3	63
3.36982	2	5	3	110
3.37025	2	5	3	110
3.37069	2	5	3	63
3.37107	2	5	3	110
3.3715	2	5	3	4
3.37688	2	3	3	56
3.39182	2	7	3	110
3.39194	2	6	3	110
3.39225	2	7	3	110
3.39238	2	6	3	110
3.39269	2	7	3	110
3.39282	2	6	3	110
3.39313	2	7	3	110
3.39325	2	6	3	110
3.39357	2	7	3	110
3.39369	2	6	3	110
3.394	2	7	3	231
3.39413	2	6	3	110
3.39444	2	7	3	110
3.39457	2	6	3	110
3.39488	2	7	3	110
3.395	2	6	3	110
3.39532	2	7	3	110
3.39544	2	6	3	231
3.39575	2	7	3	110
3.39588	2	6	3	110
3.39619	2	7	3	110
3.39632	2	6	3	110
3.39663	2	7	3	110
3.39675	2	6	3	110
3.39707	2	7	3	110
3.39719	2	6	3	110
3.3975	2	7	3	110
3.39763	2	6	3	110
3.39794	2	7	3	110
3.39807	2	6	3	110
3.39838	2	7	3	231
3.3985	2	6	3	110
3.39882	2	7	3	110
3.39894	2	6	3	110
3.39925	2	7	3	110
3.39938	2	6	3	110
3.39969	2	7	3	110
3.39982	2	6	3	110
3.40013	2	7	3	110
3.40025	2	6	3	159
3.40057	2	7	3	208
3.40063	2	6	3	110
3.40107	2	7	3	110
3.40107	2	6	3	110
3.4015	2	7	3	110
3.4015	2	6	3	110
3.40194	2	7	3	110
3.40194	2	6	3	110
3.40238	2	7	3	110
3.40238	2	6	3	110
3.40282	2	7	3	110
3.40282	2	6	3	231
3.40325	2	7	3	110
3.40325	2	6	3	110
3.40369	2	7	3	110
3.40369	2	6	3	110
3.40413	2	7	3	110
3.40413	2	6	3	110
3.40457	2	7	3	110
3.40457	2	6	3	110
3.405	2	7	3	110
3.405	2	6	3	110
3.40544	2	7	3	231
3.40544	2	6	3	110
3.40588	2	7	3	80
3.40588	2	6	3	110
3.40632	2	6	3	141
3.40988	2	3	3	56
3.42957	2	5	3	110
3.43	2	5	3	110
3.43044	2	5	3	63
3.43088	2	5	3	56
3.43125	2	5	3	56
3.43163	2	5	3	56
3.43213	2	5	3	110
3.43257	2	5	3	60
3.43294	2	5	3	110
3.43338	2	5	3	110
3.43382	2	5	3	63
3.43419	2	5	3	110
3.43463	2	5	3	60
3.435	2	5	3	110
3.43544	2	5	3	110
3.43588	2	5	3	110
3.43632	2	5	3	110
3.43675	2	5	3	69
3.43713	2	5	3	110
3.43757	2	5	3	110
3.438	2	5	3	63
3.43838	2	5	3	110
3.43882	2	5	3	110
3.43888	2	3	3	56
3.43925	2	5	3	63
3.43963	2	5	3	110
3.44007	2	5	3	110
3.4405	2	5	3	63
3.44088	2	5	3	110
3.44132	2	5	3	110
3.44175	2	5	3	63
3.44213	2	5	3	110
3.44257	2	5	3	110
3.443	2	5	3	63
3.44338	2	5	3	110
3.44382	2	5	3	110
3.44425	2	5	3	63
3.44463	2	5	3	110
3.44507	2	5	3	110
3.4455	2	5	3	63
3.44588	2	5	3	110
3.44632	2	5	3	110
3.44675	2	5	3	63
3.44713	2	5	3	110
3.44757	2	5	3	110
3.448	2	5	3	63
3.44838	2	5	3	110
3.44882	2	5	3	110
3.44925	2	5	3	63
3.44963	2	5	3	110
3.45007	2	5	3	4
3.46294	2	7	3	110
3.46307	2	6	3	110
3.46338	2	7	3	110
3.4635	2	6	3	110
3.46382	2	7	3	110
3.46394	2	6	3	110
3.46425	2	7	3	110
3.46438	2	6	3	110
3.46469	2	7	3	110
3.46482	2	6	3	110
3.46513	2	7	3	231
3.46525	2	6	3	110
3.46557	2	7	3	110
3.46569	2	6	3	110
3.466	2	7	3	110
3.46613	2	6	3	110
3.46644	2	7	3	110
3.46657	2	6	3	231
3.46688	2	7	3	110
3.467	2	6	3	110
3.46732	2	7	3	110
3.46744	2	6	3	77
3.46775	2	7	3	110
3.46782	2	6	3	110
3.46819	2	7	3	110
3.46825	2	6	3	110
3.46863	2	7	3	231
3.46869	2	6	3	110
3.46907	2	7	3	110
3.46913	2	6	3	110
3.4695	2	7	3	110
3.46957	2	6	3	110
3.46994	2	7	3	110
3.47	2	6	3	110
3.47038	2	7	3	110
3.47044	2	6	3	110
3.47082	2	7	3	110
3.47088	2	6	3	110
3.47125	2	7	3	110
3.47132	2	6	3	110
3.47169	2	7	3	208
3.47175	2	6	3	110
3.47213	2	7	3	110
3.47219	2	6	3	110
3.47263	2	7	3	110
3.47263	2	6	3	231
3.47307	2	7	3	110
3.47307	2	6	3	110
3.4735	2	7	3	110
3.4735	2	6	3	110
3.47394	2	7	3	110
3.47394	2	6	3	110
3.47438	2	7	3	110
3.47438	2	6	3	110
3.47482	2	7	3	110
3.47482	2	6	3	110
3.47525	2	7	3	110
3.47525	2	6	3	209
3.47563	2	6	3	110
3.47569	2	7	3	110
3.47607	2	6	3	110
3.47613	2	7	3	110
3.47644	2	3	3	56
3.4765	2	6	3	110
3.47657	2	7	3	231
3.47694	2	6	3	110
3.477	2	7	3	110
3.47738	2	6	3	110
3.47744	2	7	3	110
3.47782	2	6	3	110
3.47788	2	7	3	110
3.47825	2	6	3	110
3.47832	2	7	3	110
3.47869	2	6	3	110
3.47875	2	7	3	110
3.47913	2	6	3	110
3.47919	2	7	3	231
3.47957	2	6	3	110
3.47963	2	7	3	110
3.48	2	6	3	110
3.48007	2	7	3	110
3.48044	2	6	3	110
3.4805	2	7	3	110
3.48088	2	6	3	110
3.48094	2	7	3	110
3.48132	2	6	3	207
3.48138	2	7	3	211
3.48182	2	7	3	110
3.48188	2	6	3	110
3.48225	2	7	3	110
3.48232	2	6	3	110
3.48269	2	7	3	110
3.48275	2	6	3	110
3.48313	2	7	3	110
3.48319	2	6	3	110
3.48357	2	7	3	110
3.48363	2	6	3	110
3.484	2	7	3	110
3.48407	2	6	3	110
3.48444	2	7	3	231
3.4845	2	6	3	110
3.48488	2	7	3	110
3.48494	2	6	3	110
3.48532	2	7	3	110
3.48538	2	6	3	231
3.48575	2	7	3	110
3.48582	2	6	3	110
3.48619	2	7	3	110
3.48625	2	6	3	110
3.48663	2	7	3	110
3.48669	2	6	3	110
3.48707	2	7	3	110
3.48713	2	6	3	110
3.4875	2	7	3	110
3.48757	2	6	3	110
3.48794	2	7	3	110
3.488	2	6	3	231
3.48838	2	7	3	110
3.48844	2	6	3	110
3.48882	2	7	3	110
3.48888	2	6	3	110
3.48925	2	7	3	110
3.48932	2	6	3	110
3.48969	2	7	3	110
3.48975	2	6	3	110
3.49013	2	7	3	110
3.49019	2	6	3	110
3.49057	2	7	3	110
3.49063	2	6	3	208
3.491	2	7	3	110
3.49119	2	6	3	110
3.49144	2	7	3	167
3.49163	2	6	3	110
3.49207	2	6	3	118
3.49694	2	3	3	56
3.501	2	5	3	110
3.50144	2	5	3	110
3.50188	2	5	3	63
3.50225	2	5	3	110
3.50269	2	5	3	110
3.50313	2	5	3	63
3.5035	2	5	3	110
3.50394	2	5	3	110
3.50438	2	5	3	63
3.50475	2	5	3	110
3.50519	2	5	3	110
3.50563	2	5	3	63
3.506	2	5	3	110
3.50644	2	5	3	110
3.50688	2	5	3	63
3.50725	2	5	3	110
3.50769	2	5	3	110
3.50813	2	5	3	63
3.50857	2	5	3	110
3.509	2	5	3	110
3.50944	2	5	3	63
3.50982	2	5	3	110
3.51025	2	5	3	110
3.51069	2	5	3	63
3.51107	2	5	3	110
3.5115	2	5	3	110
3.51194	2	5	3	63
3.51232	2	5	3	110
3.51275	2	5	3	110
3.51319	2	5	3	63
3.51357	2	5	3	110
3.514	2	5	3	110
3.51444	2	5	3	63
3.51488	2	5	3	110
3.51532	2	5	3	110
3.51575	2	5	3	110
3.51619	2	5	3	110
3.51663	2	5	3	69
3.517	2	5	3	110
3.51744	2	5	3	110
3.51788	2	5	3	63
3.51825	2	5	3	110
3.51863	2	3	3	56
3.51869	2	5	3	110
3.51913	2	5	3	63
3.5195	2	5	3	110
3.51994	2	5	3	110
3.52038	2	5	3	63
3.52075	2	5	3	110
3.52119	2	5	3	110
3.52163	2	5	3	63
3.522	2	5	3	110
3.52244	2	5	3	110
3.52288	2	5	3	63
3.52325	2	5	3	110
3.52369	2	5	3	110
3.52413	2	5	3	63
3.5245	2	5	3	110
3.52494	2	5	3	110
3.52538	2	5	3	63
3.52575	2	5	3	110
3.52619	2	5	3	110
3.52663	2	5	3	63
3.527	2	5	3	110
3.52744	2	5	3	110
3.52788	2	5	3	63
3.52825	2	5	3	110
3.52869	2	5	3	110
3.52913	2	5	3	63
3.5295	2	5	3	110
3.52994	2	5	3	110
3.53038	2	5	3	63
3.53075	2	5	3	110
3.53119	2	5	3	110
3.53163	2	5	3	63
3.532	2	5	3	110
3.53244	2	5	3	110
3.53288	2	5	3	63
3.53325	2	5	3	110
3.53369	2	5	3	110
3.53413	2	5	3	63
3.5345	2	5	3	110
3.53494	2	5	3	60
3.53519	2	7	3	110
3.53538	2	5	3	56
3.53544	2	6	3	110
3.53563	2	7	3	4
3.53588	2	6	3	4
3.53594	2	5	3	56
3.53607	2	7	3	110
3.53632	2	5	3	56
3.53644	2	6	3	110
3.5365	2	7	3	110
3.53688	2	6	3	110
3.53694	2	7	3	63
3.537	2	5	3	56
3.53732	2	6	3	7
3.5375	2	7	3	110
3.53769	2	6	3	110
3.53769	2	5	3	56
3.53794	2	7	3	60
3.53813	2	6	3	110
3.53844	2	5	3	56
3.5385	2	7	3	110
3.53857	2	6	3	63
3.53894	2	7	3	60
3.53913	2	5	3	56
3.53919	2	6	3	110
3.53944	2	7	3	110
3.53963	2	6	3	60
3.53975	2	5	3	56
3.53988	2	7	3	60
3.54013	2	6	3	110
3.54032	2	7	3	110
3.54044	2	3	3	56
3.5405	2	5	3	56
3.54057	2	6	3	60
3.54075	2	7	3	60
3.54094	2	6	3	56
3.54113	2	5	3	56
3.54132	2	7	3	110
3.54144	2	6	3	110
3.54175	2	7	3	60
3.54188	2	6	3	60
3.54188	2	5	3	56
3.54225	2	7	3	110
3.54232	2	6	3	110
3.54263	2	5	3	56
3.54269	2	7	3	110
3.54275	2	6	3	60
3.54313	2	7	3	63
3.54332	2	6	3	110
3.54344	2	5	3	56
3.54369	2	7	3	110
3.54375	2	6	3	4
3.54413	2	7	3	110
3.54413	2	6	3	110
3.54413	2	5	3	56
3.54457	2	7	3	63
3.54457	2	6	3	110
3.54482	2	5	3	56
3.545	2	7	3	110
3.545	2	6	3	63
3.54544	2	7	3	60
3.5455	2	5	3	56
3.54569	2	6	3	110
3.54594	2	7	3	110
3.54613	2	6	3	60
3.54625	2	5	3	56
3.54638	2	7	3	60
3.5465	2	6	3	56
3.54682	2	7	3	110
3.54688	2	6	3	110
3.54707	2	5	3	56
3.54725	2	7	3	110
3.54732	2	6	3	60
3.54769	2	7	3	63
3.54782	2	6	3	110
3.54782	2	5	3	56
3.54825	2	6	3	60
3.54832	2	7	3	110
3.54857	2	5	3	56
3.54869	2	6	3	110
3.54875	2	7	3	110
3.54913	2	6	3	60
3.54919	2	7	3	63
3.54932	2	5	3	56
3.5495	2	6	3	56
3.54982	2	7	3	110
3.54988	2	6	3	110
3.55013	2	5	3	56
3.55025	2	7	3	60
3.55032	2	6	3	110
3.55075	2	6	3	63
3.55082	2	7	3	110
3.55088	2	5	3	56
3.55119	2	6	3	110
3.55125	2	7	3	110
3.55163	2	6	3	110
3.55169	2	7	3	110
3.55207	2	6	3	110
3.55213	2	7	3	110
3.5525	2	6	3	110
3.55263	2	7	3	110
3.55294	2	6	3	110
3.55307	2	7	3	231
3.55338	2	6	3	110
3.5535	2	7	3	110
3.55382	2	6	3	110
3.55394	2	7	3	110
3.55425	2	6	3	110
3.55438	2	7	3	110
3.55469	2	6	3	110
3.55482	2	7	3	110
3.55513	2	6	3	110
3.55525	2	7	3	110
3.55557	2	6	3	110
3.55569	2	7	3	231
3.556	2	6	3	110
3.55613	2	7	3	110
3.55644	2	6	3	110
3.55657	2	7	3	110
3.55688	2	6	3	110
3.557	2	7	3	110
3.55732	2	6	3	210
3.55744	2	7	3	110
3.55788	2	7	3	110
3.55788	2	6	3	110
3.55832	2	7	3	110
3.55832	2	6	3	110
3.55875	2	7	3	231
3.55875	2	6	3	110
3.55919	2	7	3	110
3.55919	2	6	3	110
3.55963	2	7	3	110
3.55963	2	6	3	110
3.56007	2	7	3	110
3.56007	2	6	3	110
3.5605	2	7	3	110
3.5605	2	6	3	110
3.56094	2	7	3	151
3.56094	2	6	3	110
3.56138	2	7	3	110
3.56144	2	6	3	231
3.56182	2	7	3	110
3.56188	2	6	3	110
3.56225	2	7	3	110
3.56232	2	6	3	110
3.56269	2	7	3	110
3.56275	2	6	3	110
3.56313	2	7	3	110
3.56319	2	6	3	110
3.56357	2	7	3	110
3.56363	2	6	3	231
3.564	2	7	3	110
3.56407	2	6	3	110
3.56444	2	7	3	110
3.5645	2	6	3	110
3.56488	2	7	3	110
3.56494	2	6	3	110
3.56532	2	7	3	110
3.56538	2	6	3	110
3.56575	2	7	3	110
3.56582	2	6	3	110
3.56619	2	7	3	110
3.56625	2	6	3	110
3.56663	2	7	3	110
3.56669	2	6	3	231
3.56707	2	7	3	207
3.56713	2	6	3	110
3.56757	2	6	3	110
3.56769	2	7	3	110
3.568	2	6	3	110
3.56813	2	7	3	110
3.56844	2	6	3	210
3.56857	2	7	3	110
3.569	2	7	3	110
3.569	2	6	3	110
3.56944	2	7	3	110
3.56944	2	6	3	110
3.56988	2	7	3	231
3.56988	2	6	3	110
3.57032	2	7	3	110
3.57032	2	6	3	110
3.57075	2	7	3	110
3.57075	2	6	3	110
3.57119	2	7	3	110
3.57119	2	6	3	110
3.57163	2	7	3	110
3.57163	2	6	3	110
3.57207	2	7	3	110
3.57207	2	6	3	110
3.5725	2	7	3	231
3.5725	2	6	3	110
3.57294	2	7	3	110
3.57294	2	6	3	110
3.57338	2	7	3	110
3.57338	2	6	3	110
3.57382	2	7	3	110
3.57382	2	6	3	110
3.57425	2	7	3	110
3.57425	2	6	3	110
3.57469	2	7	3	110
3.57469	2	6	3	207
3.57513	2	7	3	231
3.57525	2	6	3	110
3.57557	2	7	3	110
3.57569	2	6	3	110
3.576	2	7	3	110
3.57613	2	6	3	110
3.57644	2	7	3	110
3.57657	2	6	3	110
3.57688	2	7	3	110
3.577	2	6	3	110
3.57732	2	7	3	110
3.57744	2	6	3	110
3.57775	2	7	3	231
3.57788	2	6	3	110
3.57819	2	7	3	110
3.57832	2	6	3	110
3.57863	2	7	3	110
3.57875	2	6	3	110
3.57907	2	7	3	110
3.57919	2	6	3	110
3.5795	2	7	3	110
3.57963	2	6	3	110
3.57994	2	7	3	212
3.58007	2	6	3	110
3.58044	2	7	3	110
3.5805	2	6	3	110
3.58088	2	7	3	110
3.58094	2	6	3	207
3.58132	2	7	3	110
3.58144	2	6	3	110
3.58175	2	7	3	110
3.58188	2	6	3	110
3.58219	2	7	3	110
3.58232	2	6	3	110
3.58263	2	7	3	183
3.58275	2	6	3	110
3.583	2	7	3	110
3.58319	2	6	3	110
3.58344	2	7	3	110
3.58363	2	6	3	110
3.58388	2	7	3	110
3.58407	2	6	3	110
3.58432	2	7	3	110
3.5845	2	6	3	110
3.58475	2	7	3	231
3.58494	2	6	3	110
3.58519	2	7	3	110
3.58538	2	6	3	110
3.58563	2	7	3	110
3.58582	2	6	3	110
3.58607	2	7	3	110
3.58625	2	6	3	110
3.5865	2	7	3	110
3.58669	2	6	3	231
3.58694	2	7	3	110
3.58713	2	6	3	110
3.58738	2	7	3	110
3.58757	2	6	3	110
3.58782	2	7	3	110
3.588	2	6	3	110
3.58825	2	7	3	110
3.58844	2	6	3	110
3.58869	2	7	3	110
3.58888	2	6	3	110
3.58913	2	7	3	200
3.58932	2	6	3	212
3.58957	2	7	3	110
3.58982	2	6	3	110
3.59	2	7	3	110
3.59025	2	6	3	110
3.59044	2	7	3	110
3.59069	2	6	3	110
3.59088	2	7	3	110
3.59113	2	6	3	110
3.59132	2	7	3	110
3.59157	2	6	3	231
3.59175	2	7	3	110
3.592	2	6	3	110
3.59219	2	7	3	110
3.59244	2	6	3	110
3.59263	2	7	3	110
3.59288	2	6	3	110
3.59307	2	7	3	110
3.59332	2	6	3	110
3.5935	2	7	3	110
3.59375	2	6	3	110
3.59394	2	7	3	110
3.59419	2	6	3	231
3.59438	2	7	3	110
3.59463	2	6	3	110
3.59482	2	7	3	110
3.59507	2	6	3	110
3.59525	2	7	3	207
3.5955	2	6	3	110
3.59582	2	7	3	110
3.59594	2	6	3	110
3.59625	2	7	3	110
3.59644	2	6	3	110
3.59669	2	7	3	110
3.59688	2	6	3	231
3.59713	2	7	3	110
3.59732	2	6	3	110
3.59763	2	7	3	110
3.59775	2	6	3	110
3.59807	2	7	3	110
3.59813	2	3	3	56
3.59819	2	6	3	110
3.5985	2	7	3	19
3.59863	2	6	3	231
3.59907	2	6	3	80
3.59913	2	5	3	110
3.59957	2	5	3	110
3.6	2	5	3	63
3.60038	2	5	3	110
3.60082	2	5	3	110
3.60125	2	5	3	63
3.60163	2	5	3	110
3.60207	2	5	3	110
3.6025	2	5	3	63
3.60288	2	5	3	110
3.60332	2	5	3	110
3.60382	2	5	3	110
3.60425	2	5	3	66
3.60463	2	5	3	110
3.60507	2	5	3	110
3.6055	2	5	3	63
3.60588	2	5	3	110
3.60632	2	5	3	110
3.60675	2	5	3	110
3.60719	2	5	3	66
3.60757	2	5	3	110
3.608	2	5	3	60
3.60838	2	5	3	110
3.60882	2	5	3	110
3.60925	2	5	3	110
3.60969	2	5	3	110
3.61013	2	5	3	69
3.6105	2	5	3	110
3.61094	2	5	3	110
3.61138	2	5	3	63
3.61175	2	5	3	110
3.61219	2	5	3	110
3.61263	2	5	3	63
3.613	2	3	3	56
3.61307	2	7	3	110
3.61307	2	5	3	56
3.61325	2	6	3	110
3.6135	2	7	3	110
3.61369	2	6	3	110
3.61394	2	7	3	110
3.61413	2	6	3	110
3.61438	2	7	3	110
3.61457	2	6	3	110
3.61482	2	7	3	231
3.615	2	6	3	110
3.61525	2	7	3	110
3.61544	2	6	3	110
3.61569	2	7	3	110
3.61588	2	6	3	110
3.61613	2	7	3	110
3.61632	2	6	3	110
3.61657	2	7	3	110
3.61675	2	6	3	110
3.617	2	7	3	110
3.61719	2	6	3	110
3.61744	2	7	3	110
3.61763	2	6	3	231
3.61788	2	7	3	110
3.61807	2	6	3	80
3.61832	2	7	3	194
3.61844	2	6	3	110
3.61882	2	7	3	110
3.61888	2	6	3	110
3.61925	2	7	3	110
3.61932	2	6	3	110
3.61969	2	7	3	110
3.61975	2	6	3	110
3.62013	2	7	3	110
3.62019	2	6	3	110
3.62057	2	7	3	110
3.62063	2	6	3	110
3.621	2	7	3	231
3.62107	2	6	3	110
3.62144	2	7	3	110
3.6215	2	6	3	110
3.62188	2	7	3	110
3.62194	2	6	3	231
3.62232	2	7	3	110
3.62238	2	6	3	110
3.62275	2	7	3	110
3.62282	2	6	3	110
3.62319	2	7	3	110
3.62325	2	6	3	80
3.62363	2	7	3	231
3.62369	2	6	3	110
3.62407	2	7	3	110
3.62413	2	6	3	110
3.6245	2	7	3	110
3.62457	2	6	3	110
3.62494	2	7	3	110
3.625	2	6	3	110
3.62538	2	7	3	110
3.62544	2	6	3	110
3.62582	2	7	3	110
3.62588	2	6	3	110
3.62625	2	7	3	199
3.62632	2	6	3	110
3.6265	2	3	3	56
3.62663	2	7	3	110
3.62675	2	6	3	110
3.62707	2	7	3	110
3.62719	2	6	3	110
3.6275	2	7	3	110
3.62763	2	6	3	195
3.62794	2	7	3	110
3.62813	2	6	3	110
3.62838	2	7	3	110
3.62857	2	6	3	110
3.62882	2	7	3	231
3.629	2	6	3	110
3.62925	2	7	3	110
3.62944	2	6	3	110
3.62969	2	7	3	110
3.62988	2	6	3	110
3.63013	2	7	3	110
3.63032	2	6	3	110
3.63057	2	7	3	110
3.63075	2	6	3	110
3.631	2	7	3	110
3.63119	2	6	3	110
3.63144	2	7	3	110
3.63163	2	6	3	110
3.63188	2	7	3	110
3.63207	2	6	3	231
3.63232	2	7	3	110
3.6325	2	6	3	110
3.63275	2	7	3	110
3.63294	2	6	3	110
3.63319	2	7	3	110
3.63338	2	6	3	110
3.63363	2	7	3	110
3.63382	2	6	3	197
3.63407	2	7	3	110
3.63425	2	6	3	110
3.6345	2	7	3	212
3.63469	2	6	3	110
3.63494	2	7	3	110
3.63513	2	6	3	110
3.63538	2	7	3	110
3.63557	2	6	3	110
3.63582	2	7	3	110
3.636	2	6	3	110
3.63625	2	7	3	110
3.63644	2	6	3	231
3.63669	2	7	3	110
3.63688	2	6	3	110
3.63713	2	7	3	110
3.63732	2	6	3	110
3.63763	2	7	3	110
3.63775	2	6	3	110
3.63807	2	7	3	231
3.63819	2	6	3	110
3.6385	2	7	3	110
3.63863	2	6	3	110
3.63894	2	7	3	110
3.63907	2	6	3	110
3.63938	2	7	3	110
3.6395	2	6	3	110
3.63982	2	7	3	110
3.63994	2	6	3	110
3.64025	2	7	3	231
3.64038	2	6	3	110
3.64069	2	7	3	110
3.64082	2	6	3	110
3.64113	2	7	3	110
3.64125	2	6	3	110
3.64157	2	7	3	110
3.64169	2	6	3	110
3.642	2	7	3	110
3.64213	2	6	3	110
3.64244	2	7	3	110
3.64257	2	6	3	110
3.64288	2	7	3	231
3.643	2	6	3	110
3.64332	2	7	3	110
3.64344	2	6	3	110
3.64375	2	7	3	110
3.64388	2	6	3	110
3.64419	2	7	3	110
3.64432	2	6	3	110
3.64463	2	7	3	110
3.64475	2	6	3	110
3.64507	2	7	3	231
3.64519	2	6	3	110
3.6455	2	7	3	110
3.64563	2	6	3	110
3.64594	2	7	3	110
3.64607	2	6	3	110
3.64638	2	7	3	110
3.6465	2	6	3	110
3.64682	2	7	3	110
3.64694	2	6	3	110
3.64725	2	7	3	110
3.64738	2	6	3	110
3.64769	2	7	3	215
3.64782	2	6	3	231
3.64825	2	7	3	110
3.64825	2	6	3	110
3.64869	2	7	3	110
3.64869	2	6	3	80
3.64913	2	7	3	110
3.64913	2	6	3	110
3.64957	2	7	3	110
3.64957	2	6	3	110
3.65	2	7	3	231
3.65	2	6	3	110
3.65044	2	7	3	110
3.65044	2	6	3	110
3.65088	2	7	3	110
3.65088	2	6	3	110
3.65132	2	7	3	110
3.65132	2	6	3	110
3.65175	2	7	3	110
3.65175	2	6	3	110
3.65219	2	7	3	110
3.65219	2	6	3	110
3.65263	2	7	3	231
3.65263	2	6	3	110
3.65307	2	7	3	110
3.65307	2	6	3	110
3.6535	2	7	3	110
3.6535	2	6	3	110
3.65394	2	7	3	110
3.65394	2	6	3	110
3.65438	2	7	3	110
3.65438	2	6	3	110
3.65482	2	7	3	110
3.65482	2	6	3	231
3.65525	2	7	3	110
3.65525	2	6	3	89
3.65563	2	6	3	110
3.65569	2	7	3	110
3.65607	2	6	3	110
3.65613	2	7	3	110
3.6565	2	6	3	110
3.65657	2	7	3	110
3.65694	2	6	3	110
3.657	2	7	3	208
3.65738	2	6	3	231
3.6575	2	7	3	110
3.65782	2	6	3	110
3.65794	2	7	3	110
3.65825	2	6	3	110
3.65838	2	7	3	110
3.65869	2	6	3	110
3.65882	2	7	3	110
3.65913	2	6	3	110
3.65925	2	7	3	110
3.65957	2	6	3	110
3.65969	2	7	3	110
3.66	2	6	3	231
3.66013	2	7	3	110
3.66044	2	6	3	110
3.66057	2	7	3	110
3.66088	2	6	3	110
3.661	2	7	3	110
3.66132	2	6	3	110
3.66144	2	7	3	110
3.66175	2	6	3	110
3.66188	2	7	3	110
3.66219	2	6	3	110
3.66232	2	7	3	110
3.66263	2	6	3	231
3.66275	2	7	3	110
3.66307	2	6	3	110
3.66319	2	7	3	110
3.6635	2	6	3	110
3.66363	2	7	3	210
3.66394	2	6	3	110
3.66425	2	7	3	110
3.66438	2	6	3	110
3.66469	2	7	3	110
3.66482	2	6	3	110
3.66513	2	7	3	110
3.66525	2	6	3	231
3.66557	2	7	3	110
3.66569	2	6	3	110
3.666	2	7	3	110
3.66613	2	6	3	110
3.66644	2	7	3	110
3.66657	2	6	3	110
3.66688	2	7	3	110
3.667	2	6	3	110
3.66732	2	7	3	110
3.66744	2	6	3	209
3.66775	2	7	3	110
3.66788	2	6	3	110
3.66819	2	7	3	110
3.66832	2	6	3	110
3.66863	2	7	3	110
3.66875	2	6	3	110
3.66907	2	7	3	110
3.66919	2	6	3	110
3.6695	2	7	3	110
3.66963	2	6	3	231
3.66994	2	7	3	207
3.67007	2	6	3	110
3.6705	2	7	3	110
3.6705	2	6	3	110
3.67094	2	7	3	110
3.67094	2	6	3	110
3.67138	2	7	3	110
3.67144	2	6	3	110
3.67182	2	7	3	110
3.67188	2	6	3	110
3.67225	2	7	3	110
3.67232	2	6	3	110
3.67269	2	7	3	110
3.67275	2	6	3	110
3.67313	2	7	3	231
3.67319	2	6	3	110
3.67357	2	7	3	110
3.67363	2	6	3	110
3.674	2	7	3	110
3.67407	2	6	3	110
3.67444	2	7	3	110
3.6745	2	6	3	203
3.6745	2	3	3	56
3.67488	2	7	3	110
3.675	2	6	3	110
3.67532	2	7	3	110
3.67544	2	6	3	110
3.67575	2	7	3	231
3.67588	2	6	3	110
3.67619	2	7	3	110
3.67632	2	6	3	110
3.67663	2	7	3	110
3.67675	2	6	3	110
3.67707	2	7	3	110
3.67719	2	6	3	110
3.6775	2	7	3	110
3.67763	2	6	3	110
3.67794	2	7	3	110
3.67807	2	6	3	110
3.67838	2	7	3	231
3.6785	2	6	3	110
3.67882	2	7	3	110
3.67894	2	6	3	110
3.67925	2	7	3	110
3.67938	2	6	3	110
3.67969	2	7	3	110
3.67982	2	6	3	110
3.68013	2	7	3	110
3.68025	2	6	3	110
3.68057	2	7	3	207
3.68069	2	6	3	207
3.68107	2	7	3	110
3.68119	2	6	3	110
3.6815	2	7	3	110
3.68163	2	6	3	110
3.68194	2	7	3	110
3.68207	2	6	3	110
3.68238	2	7	3	110
3.6825	2	6	3	110
3.68282	2	7	3	231
3.68294	2	6	3	110
3.68325	2	7	3	110
3.68338	2	6	3	110
3.68369	2	7	3	110
3.68382	2	6	3	110
3.68413	2	7	3	110
3.68425	2	6	3	110
3.68457	2	7	3	110
3.68469	2	6	3	110
3.685	2	7	3	110
3.68513	2	6	3	110
3.68544	2	7	3	110
3.68557	2	6	3	110
3.68588	2	7	3	231
3.686	2	6	3	110
3.68632	2	7	3	110
3.68644	2	6	3	110
3.68675	2	7	3	110
3.68688	2	6	3	110
3.68719	2	7	3	110
3.68732	2	6	3	110
3.68763	2	7	3	110
3.68775	2	6	3	157
3.68807	2	7	3	110
3.68813	2	6	3	110
3.6885	2	7	3	231
3.68857	2	6	3	110
3.68894	2	7	3	110
3.689	2	6	3	110
3.68938	2	7	3	110
3.68944	2	6	3	110
3.68982	2	7	3	110
3.68988	2	6	3	110
3.69025	2	7	3	110
3.69032	2	6	3	110
3.69069	2	7	3	110
3.69075	2	6	3	110
3.69113	2	7	3	231
3.69119	2	6	3	110
3.69157	2	7	3	110
3.69163	2	6	3	110
3.692	2	7	3	110
3.69207	2	6	3	110
3.69244	2	7	3	110
3.6925	2	6	3	110
3.69288	2	7	3	153
3.69294	2	6	3	110
3.69332	2	7	3	56
3.69338	2	6	3	110
3.69382	2	6	3	353
3.69388	2	7	3	110
3.69425	2	6	3	110
3.69432	2	7	3	110
3.69469	2	6	3	110
3.69475	2	7	3	110
3.69513	2	6	3	231
3.69519	2	7	3	110
3.69557	2	6	3	110
3.69563	2	7	3	110
3.696	2	6	3	110
3.69607	2	7	3	110
3.69644	2	6	3	110
3.6965	2	7	3	110
3.69688	2	6	3	110
3.69694	2	7	3	110
3.69732	2	6	3	110
3.69738	2	7	3	231
3.69775	2	6	3	110
3.69782	2	7	3	110
3.69819	2	6	3	110
3.69825	2	7	3	110
3.69863	2	6	3	110
3.69869	2	7	3	110
3.69907	2	6	3	231
3.69913	2	7	3	110
3.6995	2	6	3	110
3.69957	2	7	3	110
3.69994	2	6	3	110
3.7	2	7	3	110
3.70038	2	6	3	211
3.70044	2	7	3	110
3.70088	2	7	3	110
3.70107	2	6	3	110
3.70132	2	7	3	231
3.7015	2	6	3	110
3.70175	2	7	3	110
3.70194	2	6	3	110
3.70219	2	7	3	110
3.70238	2	6	3	110
3.70263	2	7	3	110
3.70282	2	6	3	110
3.70307	2	7	3	110
3.70325	2	6	3	231
3.7035	2	7	3	110
3.70369	2	6	3	110
3.70394	2	7	3	217
3.70413	2	6	3	110
3.7045	2	7	3	110
3.70457	2	6	3	110
3.70494	2	7	3	60
3.705	2	6	3	231
3.70532	2	7	3	110
3.70544	2	6	3	110
3.70557	2	3	3	56
3.70575	2	7	3	110
3.70588	2	6	3	110
3.70619	2	7	3	110
3.70632	2	6	3	110
3.70663	2	7	3	177
3.70675	2	6	3	110
3.70707	2	7	3	110
3.70719	2	6	3	110
3.7075	2	7	3	110
3.70763	2	6	3	304
3.70794	2	7	3	110
3.70838	2	7	3	177
3.70838	2	6	3	110
3.70882	2	6	3	110
3.70888	2	7	3	110
3.70925	2	6	3	110
3.70932	2	7	3	110
3.70969	2	6	3	110
3.70975	2	7	3	110
3.71013	2	6	3	231
3.71019	2	7	3	110
3.71057	2	6	3	110
3.71063	2	7	3	110
3.711	2	6	3	110
3.71107	2	7	3	110
3.71144	2	6	3	231
3.7115	2	7	3	19
3.71188	2	6	3	227
3.71194	2	7	3	110
3.71232	2	6	3	110
3.71238	2	7	3	110
3.71275	2	6	3	110
3.71282	2	7	3	110
3.71319	2	6	3	110
3.71325	2	7	3	110
3.71363	2	6	3	110
3.71369	2	7	3	231
3.71407	2	6	3	110
3.71413	2	7	3	110
3.7145	2	6	3	110
3.71457	2	7	3	110
3.71494	2	6	3	110
3.715	2	7	3	231
3.71538	2	6	3	110
3.71544	2	7	3	110
3.71582	2	6	3	110
3.71588	2	7	3	110
3.71625	2	6	3	110
3.71632	2	7	3	67
3.7165	2	3	3	56
3.71669	2	7	3	110
3.71669	2	6	3	309
3.71713	2	7	3	110
3.71719	2	6	3	56
3.71763	2	7	3	110
3.71763	2	6	3	110
3.71807	2	7	3	231
3.71807	2	6	3	110
3.7185	2	7	3	110
3.7185	2	6	3	110
3.71894	2	7	3	110
3.71894	2	6	3	110
3.71938	2	7	3	110
3.71938	2	6	3	231
3.71982	2	7	3	110
3.71982	2	6	3	62
3.72025	2	7	3	231
3.72025	2	6	3	110
3.72069	2	7	3	64
3.72069	2	6	3	110
3.72113	2	7	3	110
3.72113	2	6	3	229
3.72157	2	7	3	110
3.72175	2	6	3	110
3.722	2	7	3	110
3.72219	2	6	3	110
3.72244	2	7	3	110
3.72263	2	6	3	110
3.72288	2	7	3	231
3.72307	2	6	3	110
3.72332	2	7	3	110
3.7235	2	6	3	110
3.72375	2	7	3	231
3.72394	2	6	3	110
3.72419	2	7	3	110
3.72438	2	6	3	110
3.72463	2	7	3	110
3.72482	2	6	3	110
3.72507	2	7	3	110
3.72525	2	6	3	110
3.7255	2	7	3	110
3.72569	2	6	3	110
3.72594	2	7	3	231
3.72613	2	6	3	110
3.72638	2	7	3	62
3.72657	2	6	3	231
3.72688	2	7	3	110
3.727	2	6	3	110
3.72732	2	7	3	110
3.72744	2	6	3	110
3.72775	2	7	3	229
3.72788	2	6	3	89
3.72819	2	7	3	110
3.72832	2	6	3	110
3.72863	2	7	3	110
3.72875	2	6	3	110
3.72907	2	7	3	353
3.72919	2	6	3	229
3.7295	2	7	3	231
3.72975	2	6	3	110
3.72994	2	7	3	474
3.73019	2	6	3	110
3.73038	2	7	3	110
3.73063	2	6	3	110
3.73082	2	7	3	353
3.73107	2	6	3	231
3.73125	2	7	3	110
3.7315	2	6	3	110
3.73169	2	7	3	231
3.73194	2	6	3	110
3.73213	2	7	3	474
3.73238	2	6	3	110
3.73263	2	7	3	231
3.73282	2	6	3	231
3.73307	2	7	3	110
3.73325	2	6	3	61
3.7335	2	7	3	353
3.73363	2	6	3	110
3.73394	2	7	3	353
3.73407	2	6	3	110
3.73438	2	7	3	231
3.7345	2	6	3	110
3.73482	2	7	3	474
3.73494	2	6	3	110
3.73525	2	7	3	110
3.73538	2	6	3	231
3.73569	2	7	3	231
3.73582	2	6	3	110
3.73613	2	7	3	110
3.73625	2	6	3	110
3.73657	2	7	3	474
3.73669	2	6	3	110
3.737	2	7	3	353
3.73713	2	6	3	110
3.73744	2	7	3	231
3.73757	2	6	3	110
3.73788	2	7	3	353
3.738	2	6	3	110
3.73832	2	7	3	231
3.73844	2	6	3	110
3.73875	2	7	3	231
3.73888	2	6	3	110
3.73919	2	7	3	474
3.73932	2	6	3	110
3.73963	2	7	3	231
3.73975	2	6	3	110
3.74007	2	7	3	353
3.74019	2	6	3	110
3.7405	2	7	3	353
3.74063	2	6	3	110
3.74094	2	7	3	231
3.74107	2	6	3	209
3.74138	2	7	3	353
3.74144	2	6	3	110
3.74182	2	7	3	231
3.74188	2	6	3	110
3.74225	2	7	3	474
3.74232	2	6	3	110
3.74269	2	7	3	231
3.74275	2	6	3	110
3.74313	2	7	3	474
3.74319	2	6	3	110
3.74357	2	7	3	231
3.74363	2	6	3	110
3.744	2	7	3	353
3.74407	2	6	3	110
3.74444	2	7	3	231
3.7445	2	6	3	110
3.74488	2	7	3	353
3.74494	2	6	3	110
3.74532	2	7	3	231
3.74538	2	6	3	110
3.74575	2	7	3	353
3.74582	2	6	3	110
3.74619	2	7	3	353
3.74625	2	6	3	110
3.74663	2	7	3	231
3.74669	2	6	3	110
3.74707	2	7	3	404
3.74713	2	6	3	110
3.7475	2	7	3	110
3.74757	2	6	3	231
3.74794	2	7	3	231
3.748	2	6	3	110
3.74838	2	7	3	353
3.74844	2	6	3	110
3.74882	2	7	3	353
3.74888	2	6	3	110
3.74925	2	7	3	231
3.74932	2	6	3	110
3.74969	2	7	3	474
3.74975	2	6	3	110
3.74982	2	3	3	56
3.75013	2	7	3	231
3.75019	2	6	3	110
3.75057	2	7	3	353
3.75063	2	6	3	110
3.751	2	7	3	231
3.75107	2	6	3	223
3.75144	2	7	3	231
3.7515	2	6	3	110
3.75188	2	7	3	474
3.75194	2	6	3	110
3.75232	2	7	3	231
3.75238	2	6	3	110
3.75275	2	7	3	353
3.75282	2	6	3	110
3.75319	2	7	3	231
3.75325	2	6	3	110
3.75363	2	7	3	353
3.75369	2	6	3	110
3.75407	2	7	3	229
3.75413	2	6	3	110
3.7545	2	7	3	110
3.75457	2	6	3	189
3.75494	2	7	3	474
3.755	2	6	3	110
3.75538	2	7	3	110
3.75544	2	6	3	110
3.75582	2	7	3	474
3.75588	2	6	3	110
3.75625	2	7	3	110
3.75632	2	6	3	110
3.75669	2	7	3	596
3.75675	2	6	3	13
3.75713	2	7	3	474
3.75763	2	7	3	596
3.75807	2	7	3	839
3.7585	2	7	3	474
3.75894	2	7	3	596
3.75938	2	7	3	596
3.75957	2	3	3	56
3.75982	2	7	3	474
3.76025	2	7	3	596
3.76069	2	7	3	596
3.76113	2	7	3	474
3.76157	2	7	3	596
3.762	2	7	3	596
3.76244	2	7	3	596
3.76288	2	7	3	596
3.76332	2	7	3	596
3.76375	2	7	3	474
3.76419	2	7	3	596
3.76463	2	7	3	596
3.76507	2	7	3	596
3.7655	2	7	3	596
3.76594	2	7	3	596
3.76638	2	7	3	596
3.76682	2	7	3	474
3.76713	2	3	3	56
3.76725	2	7	3	595
3.76769	2	7	3	596
3.76813	2	7	3	474
3.76857	2	7	3	596
3.769	2	7	3	596
3.76944	2	7	3	596
3.76988	2	7	3	596
3.77032	2	7	3	596
3.77075	2	7	3	596
3.77119	2	7	3	596
3.77163	2	7	3	474
3.77207	2	7	3	595
3.7725	2	7	3	596
3.77294	2	7	3	596
3.77338	2	7	3	596
3.77382	2	7	3	596
3.77425	2	7	3	474
3.77469	2	7	3	596
3.77513	2	7	3	596
3.77557	2	7	3	596
3.776	2	7	3	353
3.77644	2	7	3	596
3.77688	2	7	3	596
3.77732	2	7	3	596
3.77775	2	7	3	596
3.77819	2	7	3	596
3.77863	2	7	3	596
3.77907	2	7	3	474
3.77925	2	3	3	56
3.7795	2	7	3	596
3.77994	2	7	3	596
3.78038	2	7	3	596
3.78082	2	7	3	596
3.78125	2	7	3	474
3.78169	2	7	3	596
3.78213	2	7	3	596
3.78263	2	7	3	596
3.78307	2	7	3	839
3.7835	2	7	3	231
3.78394	2	7	3	231
3.78438	2	7	3	231
3.78482	2	7	3	353
3.78525	2	7	3	474
3.78569	2	7	3	231
3.78613	2	7	3	231
3.78657	2	7	3	596
3.787	2	7	3	231
3.78744	2	7	3	231
3.78788	2	7	3	287
3.78825	2	7	3	110
3.78869	2	7	3	231
3.78913	2	7	3	231
3.78957	2	7	3	596
3.79	2	7	3	231
3.79044	2	7	3	231
3.79088	2	7	3	231
3.79132	2	7	3	231
3.79175	2	7	3	594
3.79219	2	7	3	231
3.79263	2	7	3	110
3.79307	2	7	3	231
3.7935	2	7	3	353
3.79394	2	7	3	231
3.794	2	3	3	56
3.79438	2	7	3	353
3.79482	2	7	3	474
3.79525	2	7	3	474
3.79569	2	7	3	231
3.79613	2	7	3	231
3.79657	2	7	3	231
3.797	2	7	3	231
3.79744	2	7	3	596
3.79788	2	7	3	231
3.79832	2	7	3	110
3.79875	2	7	3	231
3.79919	2	7	3	596
3.79963	2	7	3	227
3.80019	2	7	3	110
3.80063	2	7	3	110
3.80107	2	7	3	110
3.8015	2	7	3	177
3.80194	2	7	3	110
3.80238	2	7	3	110
3.80282	2	7	3	110
3.80325	2	7	3	110
3.80369	2	7	3	231
3.80413	2	7	3	62
3.80463	2	7	3	110
3.80507	2	7	3	110
3.8055	2	7	3	229
3.80594	2	7	3	110
3.80638	2	7	3	110
3.80682	2	7	3	110
3.80725	2	7	3	66
3.80769	2	7	3	110
3.80813	2	7	3	231
3.80857	2	7	3	109
3.809	2	7	3	110
3.80944	2	7	3	110
3.80988	2	7	3	174
3.81032	2	7	3	110
3.81075	2	7	3	226
3.81119	2	7	3	110
3.81163	2	7	3	110
3.81207	2	7	3	229
3.8125	2	7	3	110
3.81294	2	7	3	110
3.81338	2	7	3	110
3.81382	2	7	3	231
3.81425	2	7	3	110
3.81469	2	7	3	228
3.81513	2	7	3	110
3.81557	2	7	3	110
3.816	2	7	3	110
3.81644	2	7	3	231
3.81688	2	7	3	110
3.81732	2	7	3	110
3.81775	2	7	3	176
3.81819	2	7	3	110
3.81863	2	7	3	115
3.81907	2	7	3	110
3.8195	2	7	3	110
3.81994	2	7	3	110
3.82038	2	7	3	231
3.82082	2	7	3	110
3.82125	2	7	3	228
3.82169	2	7	3	110
3.82213	2	7	3	110
3.82263	2	7	3	110
3.82307	2	7	3	110
3.8235	2	7	3	231
3.82394	2	7	3	110
3.82438	2	7	3	231
3.82482	2	7	3	110
3.82488	2	3	3	56
3.82525	2	7	3	110
3.82569	2	7	3	63
3.82613	2	7	3	110
3.82657	2	7	3	171
3.827	2	7	3	110
3.82744	2	7	3	171
3.82794	2	7	3	110
3.82838	2	7	3	231
3.82882	2	7	3	231
3.82925	2	7	3	353
3.82969	2	7	3	353
3.83013	2	7	3	110
3.83057	2	7	3	474
3.831	2	7	3	110
3.83144	2	7	3	231
3.83188	2	7	3	353
3.83232	2	7	3	231
3.83275	2	7	3	231
3.83319	2	7	3	231
3.83363	2	7	3	231
3.83407	2	7	3	474
3.8345	2	7	3	110
3.83494	2	7	3	231
3.83538	2	7	3	231
3.83582	2	7	3	353
3.83625	2	7	3	231
3.83669	2	7	3	353
3.83713	2	7	3	231
3.83763	2	7	3	110
3.83807	2	7	3	474
3.8385	2	7	3	110
3.83894	2	7	3	353
3.83938	2	7	3	231
3.83982	2	7	3	231
3.84025	2	7	3	231
3.84069	2	7	3	353
3.84113	2	7	3	231
3.84157	2	7	3	353
3.842	2	7	3	110
3.84244	2	7	3	353
3.84288	2	7	3	229
3.84332	2	7	3	231
3.84375	2	7	3	353
3.84419	2	7	3	231
3.84463	2	7	3	353
3.84507	2	7	3	231
3.8455	2	7	3	231
3.84594	2	7	3	231
3.84638	2	7	3	231
3.84682	2	7	3	353
3.84725	2	7	3	110
3.84769	2	7	3	231
3.84813	2	7	3	231
3.84857	2	7	3	353
3.849	2	7	3	353
3.84944	2	7	3	110
3.84988	2	7	3	353
3.85032	2	7	3	110
3.85075	2	7	3	231
3.85088	2	3	3	56
3.85119	2	7	3	353
3.85163	2	7	3	231
3.85207	2	7	3	231
3.8525	2	7	3	353
3.85294	2	7	3	110
3.85338	2	7	3	231
3.85382	2	7	3	353
3.85425	2	7	3	231
3.85469	2	7	3	353
3.85513	2	7	3	110
3.85557	2	7	3	80
3.856	2	7	3	110
3.85644	2	7	3	110
3.85688	2	7	3	229
3.85732	2	7	3	110
3.85775	2	7	3	110
3.85819	2	7	3	229
3.85863	2	7	3	110
3.85907	2	7	3	110
3.8595	2	7	3	110
3.85994	2	7	3	110
3.86038	2	7	3	69
3.86075	2	7	3	110
3.86119	2	7	3	231
3.86163	2	7	3	109
3.86207	2	7	3	110
3.8625	2	7	3	110
3.86294	2	7	3	110
3.86338	2	7	3	231
3.86382	2	7	3	110
3.86425	2	7	3	62
3.86469	2	7	3	110
3.86513	2	7	3	110
3.86557	2	7	3	110
3.866	2	7	3	231
3.86644	2	7	3	231
3.86688	2	7	3	108
3.86732	2	7	3	110
3.86775	2	7	3	110
3.86819	2	7	3	110
3.86863	2	7	3	110
3.86907	2	7	3	231
3.8695	2	7	3	110
3.86994	2	7	3	110
3.87038	2	7	3	110
3.87082	2	7	3	110
3.87088	2	3	3	56
3.87125	2	7	3	110
3.87169	2	7	3	231
3.87213	2	7	3	231
3.87263	2	7	3	353
3.87307	2	7	3	231
3.8735	2	7	3	231
3.87394	2	7	3	231
3.87438	2	7	3	353
3.87482	2	7	3	110
3.87525	2	7	3	231
3.87569	2	7	3	353
3.87613	2	7	3	110
3.87657	2	7	3	353
3.877	2	7	3	110
3.87744	2	7	3	353
3.87788	2	7	3	230
3.87832	2	7	3	231
3.87875	2	7	3	231
3.87919	2	7	3	231
3.87963	2	7	3	353
3.88007	2	7	3	110
3.8805	2	7	3	231
3.88094	2	7	3	353
3.88138	2	7	3	231
3.88182	2	7	3	231
3.88225	2	7	3	231
3.88269	2	7	3	110
3.88313	2	7	3	353
3.88357	2	7	3	231
3.884	2	7	3	230
3.88444	2	7	3	231
3.88488	2	7	3	231
3.88532	2	7	3	353
3.88575	2	7	3	110
3.88619	2	7	3	353
3.88663	2	7	3	231
3.88707	2	7	3	110
3.8875	2	7	3	353
3.88794	2	7	3	231
3.88838	2	7	3	231
3.88882	2	7	3	231
3.88925	2	7	3	231
3.88969	2	7	3	231
3.89013	2	7	3	229
3.89057	2	7	3	353
3.891	2	7	3	231
3.89144	2	7	3	110
3.89188	2	7	3	353
3.89232	2	7	3	231
3.89275	2	7	3	231
3.89319	2	7	3	231
3.89363	2	7	3	231
3.89407	2	7	3	231
3.8945	2	7	3	353
3.89494	2	7	3	110
3.89538	2	7	3	231
3.89582	2	7	3	353
3.89625	2	7	3	110
3.89669	2	7	3	353
3.89713	2	7	3	231
3.89763	2	7	3	110
3.89807	2	7	3	353
3.8985	2	7	3	231
3.89894	2	7	3	353
3.89938	2	7	3	231
3.89982	2	7	3	110
3.90025	2	7	3	353
3.90069	2	7	3	231
3.90113	2	7	3	231
3.90157	2	7	3	231
3.902	2	7	3	231
3.90244	2	7	3	231
3.90288	2	7	3	231
3.90332	2	7	3	353
3.90375	2	7	3	110
3.90419	2	7	3	231
3.90463	2	7	3	353
3.90507	2	7	3	231
3.90532	2	3	3	56
3.9055	2	7	3	231
3.90594	2	7	3	231
3.90638	2	7	3	110
3.90682	2	7	3	353
3.90725	2	7	3	231
3.90769	2	7	3	230
3.90813	2	7	3	231
3.90857	2	7	3	231
3.909	2	7	3	353
3.90944	2	7	3	110
3.90988	2	7	3	353
3.91032	2	7	3	231
3.91075	2	7	3	231
3.91119	2	7	3	231
3.91163	2	7	3	231
3.91207	2	7	3	231
3.9125	2	7	3	353
3.91294	2	7	3	110
3.91338	2	7	3	231
3.91382	2	7	3	353
3.91425	2	7	3	110
3.91469	2	7	3	353
3.91513	2	7	3	110
3.91557	2	7	3	353
3.916	2	7	3	231
3.91644	2	7	3	229
3.91688	2	7	3	231
3.91732	2	7	3	231
3.91775	2	7	3	353
3.91819	2	7	3	110
3.91863	2	7	3	353
3.91907	2	7	3	231
3.9195	2	7	3	110
3.91994	2	7	3	353
3.92038	2	7	3	231
3.92082	2	7	3	91
3.93588	2	3	3	56
3.94282	2	7	3	110
3.94325	2	7	3	231
3.94369	2	7	3	231
3.94413	2	7	3	231
3.94457	2	7	3	231
3.945	2	7	3	231
3.94544	2	7	3	353
3.94588	2	7	3	110
3.94632	2	7	3	353
3.94675	2	7	3	231
3.94719	2	7	3	231
3.94763	2	7	3	231
3.94807	2	7	3	353
3.9485	2	7	3	110
3.94894	2	7	3	353
3.94938	2	7	3	231
3.94982	2	7	3	231
3.95025	2	7	3	231
3.95069	2	7	3	353
3.95113	2	7	3	110
3.95132	2	3	3	56
3.95157	2	7	3	231
3.952	2	7	3	229
3.95244	2	7	3	353
3.95288	2	7	3	231
3.95332	2	7	3	231
3.95375	2	7	3	231
3.95419	2	7	3	231
3.95463	2	7	3	231
3.95507	2	7	3	353
3.9555	2	7	3	231
3.95594	2	7	3	231
3.95638	2	7	3	231
3.95682	2	7	3	353
3.95725	2	7	3	231
3.95769	2	7	3	231
3.95813	2	7	3	231
3.95857	2	7	3	231
3.959	2	7	3	231
3.95944	2	7	3	231
3.95988	2	7	3	231
3.96032	2	7	3	353
3.96075	2	7	3	231
3.96119	2	7	3	353
3.96163	2	7	3	110
3.96207	2	7	3	353
3.9625	2	7	3	231
3.96294	2	7	3	231
3.96338	2	7	3	231
3.96382	2	7	3	231
3.96425	2	7	3	231
3.96469	2	7	3	353
3.96513	2	7	3	110
3.96557	2	7	3	353
3.966	2	7	3	231
3.96644	2	7	3	231
3.96688	2	7	3	231
3.96732	2	7	3	353
3.96775	2	7	3	110
3.96819	2	7	3	353
3.96863	2	7	3	231
3.96907	2	7	3	231
3.9695	2	7	3	353
3.96994	2	7	3	231
3.97038	2	7	3	231
3.97082	2	7	3	231
3.97125	2	7	3	231
3.97169	2	7	3	353
3.97213	2	7	3	110
3.97263	2	7	3	353
3.97307	2	7	3	231
3.9735	2	7	3	229
3.97394	2	7	3	353
3.97438	2	7	3	231
3.97438	2	3	3	56
3.97482	2	7	3	231
3.97525	2	7	3	231
3.97569	2	7	3	231
3.97613	2	7	3	231
3.97657	2	7	3	353
3.977	2	7	3	231
3.97744	2	7	3	231
3.97788	2	7	3	231
3.97832	2	7	3	231
3.97875	2	7	3	231
3.97919	2	7	3	353
3.97963	2	7	3	231
3.98007	2	7	3	231
3.9805	2	7	3	231
3.98094	2	7	3	353
3.98138	2	7	3	110
3.98182	2	7	3	353
3.98225	2	7	3	231
3.98269	2	7	3	231
3.98313	2	7	3	231
3.98357	2	7	3	353
3.984	2	7	3	110
3.98444	2	7	3	231
3.98488	2	7	3	353
3.98532	2	7	3	231
3.98575	2	7	3	231
3.98619	2	7	3	231
3.98663	2	7	3	231
3.98707	2	7	3	231
3.9875	2	7	3	353
3.98794	2	7	3	231
3.98838	2	7	3	231
3.98882	2	7	3	231
3.98925	2	7	3	353
3.98969	2	7	3	231
3.99013	2	7	3	231
3.99057	2	7	3	231
3.991	2	7	3	231
3.99144	2	7	3	231
3.99188	2	7	3	353
3.99232	2	7	3	110
3.99275	2	7	3	233
4.00188	2	3	3	56
4.01394	2	7	3	56
4.01438	2	7	3	110
4.01482	2	7	3	231
4.01525	2	7	3	231
4.01569	2	7	3	231
4.01613	2	7	3	231
4.01657	2	7	3	231
4.017	2	7	3	231
4.01744	2	7	3	231
4.01788	2	7	3	231
4.01832	2	7	3	231
4.01875	2	7	3	231
4.01919	2	7	3	353
4.01963	2	7	3	110
4.02007	2	7	3	353
4.0205	2	7	3	231
4.02094	2	7	3	231
4.02138	2	7	3	231
4.02182	2	7	3	353
4.02225	2	7	3	110
4.02269	2	7	3	353
4.02313	2	7	3	231
4.02357	2	7	3	230
4.024	2	7	3	231
4.02444	2	7	3	231
4.02488	2	7	3	353
4.02532	2	7	3	110
4.02575	2	7	3	353
4.02619	2	7	3	231
4.02663	2	7	3	231
4.02707	2	7	3	231
4.0275	2	7	3	231
4.02794	2	7	3	353
4.02838	2	7	3	110
4.02882	2	7	3	353
4.02925	2	7	3	231
4.02969	2	7	3	231
4.03013	2	7	3	231
4.03057	2	7	3	353
4.031	2	7	3	110
4.03144	2	7	3	353
4.03188	2	7	3	231
4.03232	2	7	3	231
4.03275	2	7	3	231
4.03319	2	7	3	353
4.03363	2	7	3	110
4.03407	2	7	3	353
4.0345	2	7	3	231
4.03494	2	7	3	231
4.03519	2	3	3	56
4.03538	2	7	3	231
4.03582	2	7	3	353
4.03625	2	7	3	110
4.03669	2	7	3	353
4.03713	2	7	3	231
4.03763	2	7	3	231
4.03807	2	7	3	231
4.0385	2	7	3	353
4.03894	2	7	3	110
4.03938	2	7	3	353
4.03982	2	7	3	231
4.04025	2	7	3	231
4.04069	2	7	3	231
4.04113	2	7	3	353
4.04157	2	7	3	110
4.042	2	7	3	353
4.04244	2	7	3	231
4.04288	2	7	3	231
4.04332	2	7	3	231
4.04375	2	7	3	353
4.04419	2	7	3	231
4.04463	2	7	3	231
4.04507	2	7	3	231
4.0455	2	7	3	353
4.04594	2	7	3	110
4.04638	2	7	3	353
4.04682	2	7	3	231
4.04725	2	7	3	231
4.04769	2	7	3	231
4.04813	2	7	3	353
4.04857	2	7	3	110
4.049	2	7	3	353
4.04944	2	7	3	110
4.04988	2	7	3	353
4.05032	2	7	3	231
4.05075	2	7	3	231
4.05119	2	7	3	353
4.05163	2	7	3	231
4.05207	2	7	3	231
4.0525	2	7	3	231
4.05294	2	7	3	231
4.05338	2	7	3	353
4.05382	2	7	3	231
4.05425	2	7	3	231
4.05469	2	7	3	231
4.05513	2	7	3	231
4.05557	2	7	3	231
4.056	2	7	3	353
4.056	2	3	3	56
4.05644	2	7	3	231
4.05688	2	7	3	110
4.05732	2	7	3	353
4.05775	2	7	3	231
4.05819	2	7	3	231
4.05863	2	7	3	231
4.05907	2	7	3	353
4.0595	2	7	3	110
4.05994	2	7	3	353
4.06038	2	7	3	231
4.06082	2	7	3	231
4.06125	2	7	3	229
4.06169	2	7	3	231
4.06213	2	7	3	353
4.06263	2	7	3	110
4.06307	2	7	3	474
4.0635	2	7	3	231
4.06394	2	7	3	231
4.06438	2	7	3	159
4.08507	2	7	3	56
4.0855	2	7	3	56
4.08594	2	7	3	110
4.08638	2	7	3	231
4.08682	2	7	3	231
4.08725	2	7	3	231
4.08769	2	7	3	231
4.08813	2	7	3	231
4.08857	2	7	3	231
4.089	2	7	3	231
4.08944	2	7	3	231
4.08988	2	7	3	231
4.09032	2	7	3	231
4.09075	2	7	3	231
4.09119	2	7	3	231
4.09163	2	7	3	231
4.09207	2	7	3	353
4.0925	2	7	3	110
4.09294	2	7	3	353
4.09338	2	7	3	231
4.09382	2	7	3	231
4.09425	2	7	3	231
4.09469	2	7	3	353
4.09513	2	7	3	110
4.09557	2	7	3	353
4.096	2	7	3	231
4.09644	2	7	3	231
4.09688	2	7	3	231
4.097	2	3	3	56
4.09732	2	7	3	231
4.09775	2	7	3	231
4.09819	2	7	3	231
4.09863	2	7	3	353
4.09907	2	7	3	231
4.0995	2	7	3	231
4.09994	2	7	3	231
4.10038	2	7	3	231
4.10082	2	7	3	231
4.10125	2	7	3	231
4.10169	2	7	3	353
4.10213	2	7	3	231
4.10263	2	7	3	231
4.10307	2	7	3	231
4.1035	2	7	3	231
4.10394	2	7	3	231
4.10438	2	7	3	353
4.10482	2	7	3	231
4.10525	2	7	3	231
4.10569	2	7	3	231
4.10613	2	7	3	353
4.10657	2	7	3	110
4.107	2	7	3	353
4.10744	2	7	3	231
4.10788	2	7	3	231
4.10832	2	7	3	353
4.10875	2	7	3	110
4.10919	2	7	3	351
4.10963	2	7	3	231
4.11007	2	7	3	231
4.1105	2	7	3	231
4.11094	2	7	3	231
4.11138	2	7	3	353
4.11182	2	7	3	110
4.11225	2	7	3	353
4.11269	2	7	3	231
4.11313	2	7	3	231
4.11357	2	7	3	231
4.114	2	7	3	353
4.11444	2	7	3	110
4.11488	2	7	3	353
4.11532	2	7	3	231
4.11575	2	7	3	231
4.11619	2	7	3	231
4.11619	2	3	3	56
4.11663	2	7	3	353
4.11707	2	7	3	110
4.1175	2	7	3	353
4.11794	2	7	3	231
4.11838	2	7	3	231
4.11882	2	7	3	231
4.11925	2	7	3	353
4.11969	2	7	3	110
4.12013	2	7	3	352
4.12057	2	7	3	231
4.121	2	7	3	231
4.12144	2	7	3	231
4.12188	2	7	3	353
4.12232	2	7	3	110
4.12275	2	7	3	353
4.12319	2	7	3	231
4.12363	2	7	3	231
4.12407	2	7	3	231
4.1245	2	7	3	353
4.12494	2	7	3	110
4.12538	2	7	3	353
4.12582	2	7	3	231
4.12625	2	7	3	231
4.12669	2	7	3	231
4.12713	2	7	3	353
4.12763	2	7	3	110
4.12807	2	7	3	353
4.1285	2	7	3	231
4.12894	2	7	3	231
4.12938	2	7	3	353
4.12982	2	7	3	110
4.13025	2	7	3	353
4.13069	2	7	3	231
4.13107	2	3	3	56
4.13113	2	7	3	231
4.13157	2	7	3	231
4.132	2	7	3	353
4.13244	2	7	3	110
4.13288	2	7	3	353
4.13332	2	7	3	231
4.13375	2	7	3	231
4.13419	2	7	3	231
4.13463	2	7	3	231
4.13507	2	7	3	353
4.1355	2	7	3	110
4.13594	2	7	3	353
4.15619	2	7	3	56
4.15663	2	7	3	56
4.15707	2	7	3	56
4.1575	2	7	3	110
4.15794	2	7	3	231
4.158	2	3	3	56
4.15838	2	7	3	231
4.15882	2	7	3	231
4.15925	2	7	3	231
4.15969	2	7	3	231
4.16013	2	7	3	231
4.16057	2	7	3	231
4.161	2	7	3	231
4.16144	2	7	3	231
4.16188	2	7	3	231
4.16232	2	7	3	231
4.16275	2	7	3	231
4.16319	2	7	3	231
4.16363	2	7	3	231
4.16407	2	7	3	231
4.1645	2	7	3	231
4.16494	2	7	3	231
4.16538	2	7	3	231
4.16582	2	7	3	353
4.16625	2	7	3	110
4.16669	2	7	3	353
4.16713	2	7	3	231
4.16763	2	7	3	231
4.16807	2	7	3	353
4.1685	2	7	3	110
4.16894	2	7	3	353
4.16938	2	7	3	231
4.16982	2	7	3	231
4.17025	2	7	3	230
4.17069	2	7	3	231
4.17113	2	7	3	231
4.17157	2	7	3	353
4.172	2	7	3	231
4.17244	2	7	3	231
4.17288	2	7	3	231
4.17332	2	7	3	231
4.17375	2	7	3	231
4.17419	2	7	3	231
4.17463	2	7	3	353
4.17507	2	7	3	231
4.1755	2	7	3	231
4.17594	2	7	3	231
4.17638	2	7	3	231
4.17682	2	7	3	231
4.17725	2	7	3	353
4.17769	2	7	3	110
4.17813	2	7	3	353
4.17857	2	7	3	230
4.179	2	7	3	231
4.17944	2	7	3	231
4.17988	2	7	3	353
4.18032	2	7	3	110
4.18075	2	7	3	353
4.18119	2	7	3	231
4.18163	2	7	3	231
4.18207	2	7	3	231
4.1825	2	7	3	231
4.18294	2	7	3	231
4.18338	2	7	3	353
4.18382	2	7	3	110
4.18425	2	7	3	353
4.18469	2	7	3	231
4.18513	2	7	3	231
4.18557	2	7	3	231
4.186	2	7	3	353
4.18644	2	7	3	231
4.18688	2	7	3	231
4.18732	2	7	3	231
4.18775	2	7	3	353
4.18819	2	7	3	110
4.18863	2	7	3	353
4.18907	2	7	3	231
4.1895	2	7	3	229
4.18994	2	7	3	231
4.19038	2	7	3	353
4.19082	2	7	3	110
4.19125	2	7	3	353
4.19169	2	7	3	231
4.19213	2	7	3	231
4.19263	2	7	3	231
4.19307	2	7	3	353
4.1935	2	7	3	231
4.19394	2	7	3	231
4.19438	2	7	3	231
4.19482	2	7	3	231
4.19525	2	7	3	231
4.19569	2	7	3	353
4.19613	2	7	3	110
4.19613	2	3	3	56
4.19657	2	7	3	353
4.197	2	7	3	231
4.19744	2	7	3	231
4.19788	2	7	3	353
4.19832	2	7	3	231
4.19875	2	7	3	231
4.19919	2	7	3	231
4.19963	2	7	3	231
4.20007	2	7	3	231
4.2005	2	7	3	230
4.20094	2	7	3	353
4.20138	2	7	3	231
4.20182	2	7	3	231
4.20225	2	7	3	231
4.20269	2	7	3	231
4.20313	2	7	3	231
4.20357	2	7	3	353
4.204	2	7	3	231
4.20444	2	7	3	110
4.20488	2	7	3	353
4.20532	2	7	3	231
4.20575	2	7	3	231
4.20619	2	7	3	353
4.20663	2	7	3	231
4.20707	2	7	3	231
4.2075	2	7	3	231
4.20794	2	7	3	78
4.21394	2	3	3	56
4.22732	2	7	3	56
4.22775	2	7	3	56
4.22819	2	7	3	56
4.22863	2	7	3	56
4.22907	2	7	3	110
4.2295	2	7	3	231
4.22994	2	7	3	231
4.23038	2	7	3	231
4.23082	2	7	3	231
4.23125	2	7	3	231
4.23169	2	7	3	231
4.23213	2	7	3	231
4.23263	2	7	3	231
4.23307	2	7	3	231
4.2335	2	7	3	231
4.23394	2	7	3	231
4.23438	2	7	3	231
4.23482	2	7	3	231
4.23525	2	7	3	231
4.23569	2	7	3	231
4.23613	2	7	3	231
4.23657	2	7	3	231
4.237	2	7	3	231
4.23744	2	7	3	231
4.23788	2	7	3	231
4.23832	2	7	3	231
4.23875	2	7	3	353
4.23919	2	7	3	110
4.23963	2	7	3	353
4.24007	2	7	3	231
4.2405	2	7	3	231
4.24094	2	7	3	353
4.24138	2	7	3	110
4.24182	2	7	3	352
4.24225	2	7	3	231
4.24269	2	7	3	231
4.24313	2	7	3	231
4.24357	2	7	3	353
4.244	2	7	3	110
4.24444	2	7	3	353
4.24488	2	7	3	231
4.24507	2	3	3	56
4.24532	2	7	3	231
4.24575	2	7	3	231
4.24619	2	7	3	231
4.24663	2	7	3	353
4.24707	2	7	3	110
4.2475	2	7	3	353
4.24794	2	7	3	231
4.24838	2	7	3	231
4.24882	2	7	3	231
4.24925	2	7	3	231
4.24969	2	7	3	231
4.25013	2	7	3	231
4.25057	2	7	3	231
4.251	2	7	3	353
4.25144	2	7	3	231
4.25188	2	7	3	231
4.25232	2	7	3	231
4.25275	2	7	3	231
4.25319	2	7	3	231
4.25363	2	7	3	353
4.25407	2	7	3	231
4.2545	2	7	3	231
4.25494	2	7	3	231
4.25538	2	7	3	231
4.25582	2	7	3	231
4.25625	2	7	3	231
4.25669	2	7	3	231
4.25713	2	7	3	353
4.25763	2	7	3	110
4.25807	2	7	3	353
4.2585	2	7	3	231
4.25894	2	7	3	230
4.25938	2	7	3	231
4.25982	2	7	3	353
4.26025	2	7	3	231
4.26069	2	7	3	353
4.26113	2	7	3	110
4.26157	2	7	3	231
4.262	2	7	3	353
4.26244	2	7	3	231
4.26288	2	7	3	110
4.26332	2	7	3	353
4.26375	2	7	3	231
4.26419	2	7	3	231
4.26463	2	7	3	231
4.26507	2	7	3	353
4.2655	2	7	3	110
4.26594	2	7	3	353
4.26638	2	7	3	231
4.26682	2	7	3	231
4.26725	2	7	3	353
4.26769	2	7	3	231
4.26813	2	7	3	231
4.26857	2	7	3	353
4.269	2	7	3	110
4.26907	2	3	3	56
4.26944	2	7	3	231
4.26988	2	7	3	231
4.27032	2	7	3	353
4.27075	2	7	3	110
4.27119	2	7	3	353
4.27163	2	7	3	231
4.27207	2	7	3	231
4.2725	2	7	3	231
4.27294	2	7	3	353
4.27338	2	7	3	231
4.27382	2	7	3	231
4.27425	2	7	3	231
4.27469	2	7	3	353
4.27513	2	7	3	231
4.27557	2	7	3	231
4.276	2	7	3	231
4.27644	2	7	3	231
4.27688	2	7	3	231
4.27732	2	7	3	231
4.27775	2	7	3	353
4.27819	2	7	3	231
4.27863	2	7	3	231
4.27907	2	7	3	231
4.2795	2	7	3	134
4.29844	2	7	3	56
4.29888	2	7	3	56
4.29932	2	7	3	56
4.29975	2	7	3	56
4.30019	2	7	3	56
4.30063	2	7	3	110
4.30107	2	7	3	231
4.30107	2	3	3	56
4.3015	2	7	3	231
4.30194	2	7	3	231
4.30238	2	7	3	231
4.30282	2	7	3	231
4.30325	2	7	3	231
4.30369	2	7	3	231
4.30413	2	7	3	110
4.30457	2	7	3	353
4.305	2	7	3	231
4.30544	2	7	3	231
4.30588	2	7	3	231
4.30632	2	7	3	231
4.30675	2	7	3	231
4.30719	2	7	3	231
4.30763	2	7	3	231
4.30807	2	7	3	231
4.3085	2	7	3	231
4.30894	2	7	3	231
4.30938	2	7	3	231
4.30982	2	7	3	231
4.31025	2	7	3	231
4.31069	2	7	3	231
4.31113	2	7	3	231
4.31157	2	7	3	231
4.312	2	7	3	231
4.31244	2	7	3	231
4.31288	2	7	3	353
4.31332	2	7	3	110
4.31375	2	7	3	231
4.31419	2	7	3	231
4.31463	2	7	3	353
4.31507	2	7	3	231
4.3155	2	7	3	231
4.31594	2	7	3	231
4.31638	2	7	3	353
4.31682	2	7	3	110
4.31725	2	7	3	353
4.31769	2	7	3	231
4.31813	2	7	3	231
4.31857	2	7	3	231
4.319	2	7	3	353
4.31944	2	7	3	110
4.31988	2	7	3	353
4.32032	2	7	3	231
4.32075	2	7	3	231
4.32119	2	7	3	353
4.32163	2	7	3	231
4.32207	2	7	3	231
4.3225	2	7	3	231
4.32294	2	7	3	231
4.32338	2	7	3	231
4.32382	2	7	3	353
4.32407	2	3	3	56
4.32425	2	7	3	110
4.32469	2	7	3	353
4.32513	2	7	3	229
4.32557	2	7	3	231
4.326	2	7	3	231
4.32644	2	7	3	231
4.32688	2	7	3	353
4.32732	2	7	3	110
4.32775	2	7	3	353
4.32819	2	7	3	231
4.32863	2	7	3	231
4.32907	2	7	3	231
4.3295	2	7	3	110
4.32994	2	7	3	353
4.33038	2	7	3	110
4.33082	2	7	3	353
4.33125	2	7	3	231
4.33169	2	7	3	353
4.33213	2	7	3	110
4.33263	2	7	3	353
4.33307	2	7	3	231
4.3335	2	7	3	231
4.33394	2	7	3	353
4.33438	2	7	3	231
4.33482	2	7	3	110
4.33525	2	7	3	353
4.33569	2	7	3	231
4.33613	2	7	3	231
4.33657	2	7	3	231
4.337	2	7	3	231
4.33744	2	7	3	353
4.33788	2	7	3	110
4.33832	2	7	3	353
4.33875	2	7	3	231
4.33919	2	7	3	231
4.33963	2	7	3	353
4.34007	2	7	3	231
4.3405	2	7	3	231
4.34094	2	7	3	353
4.34138	2	7	3	110
4.34182	2	7	3	353
4.34225	2	7	3	231
4.34269	2	7	3	231
4.34313	2	7	3	231
4.34357	2	7	3	353
4.344	2	7	3	110
4.34444	2	7	3	353
4.34488	2	7	3	231
4.34532	2	7	3	231
4.34575	2	7	3	231
4.34619	2	7	3	353
4.34663	2	7	3	110
4.34707	2	7	3	353
4.34713	2	3	3	56
4.3475	2	7	3	110
4.34794	2	7	3	353
4.34838	2	7	3	110
4.34882	2	7	3	353
4.34925	2	7	3	231
4.34969	2	7	3	231
4.35013	2	7	3	353
4.35057	2	7	3	231
4.351	2	7	3	110
4.35144	2	7	3	97
4.36688	2	3	3	56
4.36957	2	7	3	56
4.37	2	7	3	56
4.37044	2	7	3	56
4.37088	2	7	3	56
4.37132	2	7	3	56
4.37175	2	7	3	56
4.37219	2	7	3	110
4.37263	2	7	3	231
4.37307	2	7	3	231
4.3735	2	7	3	231
4.37394	2	7	3	231
4.37438	2	7	3	231
4.37482	2	7	3	231
4.37525	2	7	3	231
4.37569	2	7	3	110
4.37613	2	7	3	231
4.37657	2	7	3	229
4.377	2	7	3	231
4.37744	2	7	3	353
4.37788	2	7	3	110
4.37832	2	7	3	353
4.37875	2	7	3	231
4.37919	2	7	3	231
4.37963	2	7	3	231
4.38007	2	7	3	231
4.3805	2	7	3	231
4.38094	2	7	3	231
4.38138	2	7	3	231
4.38182	2	7	3	231
4.38225	2	7	3	231
4.38269	2	7	3	229
4.38313	2	7	3	231
4.38357	2	7	3	231
4.384	2	7	3	231
4.38444	2	7	3	231
4.38488	2	7	3	231
4.38532	2	7	3	231
4.38575	2	7	3	231
4.38619	2	7	3	229
4.38663	2	7	3	231
4.38707	2	7	3	231
4.3875	2	7	3	353
4.38794	2	7	3	110
4.38838	2	7	3	353
4.38882	2	7	3	231
4.38925	2	7	3	231
4.38969	2	7	3	231
4.39013	2	7	3	353
4.39057	2	7	3	110
4.391	2	7	3	353
4.39107	2	3	3	56
4.39144	2	7	3	110
4.39188	2	7	3	353
4.39232	2	7	3	231
4.39275	2	7	3	353
4.39319	2	7	3	110
4.39363	2	7	3	353
4.39407	2	7	3	110
4.3945	2	7	3	353
4.39494	2	7	3	231
4.39538	2	7	3	231
4.39582	2	7	3	353
4.39625	2	7	3	110
4.39669	2	7	3	353
4.39713	2	7	3	231
4.39763	2	7	3	231
4.39807	2	7	3	353
4.3985	2	7	3	231
4.39894	2	7	3	231
4.39938	2	7	3	231
4.39982	2	7	3	229
4.40025	2	7	3	353
4.40069	2	7	3	231
4.40113	2	7	3	110
4.40157	2	7	3	231
4.402	2	7	3	231
4.40244	2	7	3	231
4.40288	2	7	3	231
4.40332	2	7	3	353
4.40375	2	7	3	231
4.40419	2	7	3	110
4.40463	2	7	3	353
4.40507	2	7	3	231
4.4055	2	7	3	231
4.40594	2	7	3	353
4.40638	2	7	3	231
4.40682	2	7	3	231
4.40725	2	7	3	231
4.40769	2	7	3	353
4.40813	2	7	3	110
4.40857	2	7	3	353
4.409	2	7	3	231
4.40944	2	7	3	231
4.40988	2	7	3	231
4.41032	2	7	3	353
4.41075	2	7	3	110
4.41119	2	7	3	353
4.41163	2	7	3	231
4.41207	2	7	3	231
4.4125	2	7	3	231
4.41294	2	7	3	353
4.41338	2	7	3	110
4.41382	2	7	3	353
4.41425	2	7	3	231
4.41469	2	7	3	231
4.41513	2	7	3	231
4.41525	2	3	3	56
4.41557	2	7	3	231
4.416	2	7	3	231
4.41644	2	7	3	231
4.41688	2	7	3	231
4.41732	2	7	3	353
4.41775	2	7	3	231
4.41819	2	7	3	353
4.41863	2	7	3	110
4.41907	2	7	3	352
4.4195	2	7	3	231
4.41994	2	7	3	231
4.42038	2	7	3	231
4.42082	2	7	3	353
4.42125	2	7	3	110
4.42169	2	7	3	353
4.42213	2	7	3	231
4.42263	2	7	3	231
4.42307	2	7	3	42
4.43988	2	3	3	56
4.44069	2	7	3	56
4.44113	2	7	3	56
4.44157	2	7	3	56
4.442	2	7	3	56
4.44244	2	7	3	56
4.44294	2	7	3	56
4.44332	2	7	3	56
4.44375	2	7	3	110
4.44419	2	7	3	231
4.44463	2	7	3	231
4.44507	2	7	3	231
4.4455	2	7	3	231
4.44594	2	7	3	231
4.44638	2	7	3	231
4.44682	2	7	3	231
4.44725	2	7	3	110
4.44769	2	7	3	231
4.44813	2	7	3	229
4.44857	2	7	3	231
4.449	2	7	3	231
4.44944	2	7	3	231
4.44988	2	7	3	231
4.45032	2	7	3	231
4.45075	2	7	3	231
4.45119	2	7	3	353
4.45163	2	7	3	231
4.45207	2	7	3	231
4.4525	2	7	3	231
4.45294	2	7	3	231
4.45338	2	7	3	231
4.45382	2	7	3	231
4.45425	2	7	3	231
4.45469	2	7	3	231
4.45513	2	7	3	231
4.45557	2	7	3	231
4.456	2	7	3	231
4.45644	2	7	3	231
4.45688	2	7	3	231
4.45732	2	7	3	231
4.45775	2	7	3	231
4.45819	2	7	3	231
4.45863	2	7	3	231
4.45907	2	7	3	231
4.4595	2	7	3	231
4.45994	2	7	3	231
4.46038	2	7	3	353
4.46082	2	7	3	110
4.46125	2	7	3	353
4.46169	2	7	3	231
4.46213	2	7	3	231
4.46263	2	7	3	231
4.46307	2	7	3	231
4.4635	2	7	3	231
4.46394	2	7	3	231
4.46438	2	7	3	231
4.46482	2	7	3	353
4.46525	2	7	3	110
4.46569	2	7	3	353
4.46613	2	7	3	231
4.46657	2	7	3	231
4.467	2	7	3	229
4.46744	2	7	3	353
4.46788	2	7	3	231
4.46832	2	7	3	231
4.46875	2	7	3	231
4.46919	2	7	3	231
4.46963	2	7	3	231
4.47007	2	7	3	353
4.4705	2	7	3	231
4.47094	2	7	3	353
4.47138	2	7	3	110
4.47182	2	7	3	352
4.47225	2	7	3	231
4.47269	2	7	3	231
4.473	2	3	3	56
4.47313	2	7	3	231
4.47357	2	7	3	231
4.474	2	7	3	231
4.47444	2	7	3	231
4.47488	2	7	3	231
4.47532	2	7	3	229
4.47575	2	7	3	231
4.47619	2	7	3	231
4.47663	2	7	3	353
4.47707	2	7	3	110
4.4775	2	7	3	353
4.47794	2	7	3	231
4.47838	2	7	3	231
4.47882	2	7	3	231
4.47925	2	7	3	353
4.47969	2	7	3	110
4.48013	2	7	3	353
4.48057	2	7	3	231
4.481	2	7	3	231
4.48144	2	7	3	231
4.48188	2	7	3	231
4.48232	2	7	3	353
4.48275	2	7	3	110
4.48319	2	7	3	353
4.48363	2	7	3	231
4.48407	2	7	3	231
4.4845	2	7	3	231
4.48494	2	7	3	353
4.48538	2	7	3	231
4.48582	2	7	3	231
4.48625	2	7	3	231
4.48669	2	7	3	353
4.48713	2	7	3	110
4.48763	2	7	3	353
4.48807	2	7	3	231
4.4885	2	7	3	231
4.48894	2	7	3	231
4.48938	2	7	3	231
4.48982	2	7	3	231
4.49025	2	7	3	353
4.49069	2	7	3	231
4.49113	2	7	3	231
4.49157	2	7	3	230
4.492	2	7	3	231
4.49244	2	7	3	353
4.49288	2	7	3	110
4.49332	2	7	3	353
4.49375	2	7	3	231
4.49419	2	7	3	231
4.49463	2	7	3	112
4.50094	2	3	3	56
4.51182	2	7	3	56
4.51225	2	7	3	56
4.51269	2	7	3	56
4.51313	2	7	3	56
4.51357	2	7	3	56
4.51407	2	7	3	56
4.51444	2	7	3	56
4.51488	2	7	3	56
4.51532	2	7	3	110
4.51575	2	7	3	231
4.51619	2	7	3	231
4.51663	2	7	3	231
4.51707	2	7	3	231
4.5175	2	7	3	231
4.51794	2	7	3	231
4.51838	2	7	3	231
4.51882	2	7	3	110
4.51925	2	7	3	231
4.51969	2	7	3	229
4.52013	2	7	3	231
4.52057	2	7	3	231
4.521	2	7	3	231
4.52144	2	7	3	231
4.52188	2	7	3	231
4.52232	2	7	3	231
4.52275	2	7	3	231
4.52319	2	7	3	229
4.52363	2	7	3	231
4.52407	2	7	3	353
4.5245	2	7	3	110
4.52494	2	7	3	353
4.52538	2	7	3	231
4.52582	2	7	3	231
4.52625	2	7	3	231
4.52669	2	7	3	231
4.52713	2	7	3	231
4.52763	2	7	3	231
4.52807	2	7	3	231
4.5285	2	7	3	231
4.52894	2	7	3	231
4.52938	2	7	3	229
4.52982	2	7	3	231
4.53007	2	3	3	56
4.53025	2	7	3	231
4.53069	2	7	3	231
4.53113	2	7	3	231
4.53157	2	7	3	231
4.532	2	7	3	231
4.53244	2	7	3	231
4.53288	2	7	3	229
4.53332	2	7	3	231
4.53375	2	7	3	231
4.53419	2	7	3	353
4.53463	2	7	3	231
4.53507	2	7	3	231
4.5355	2	7	3	231
4.53594	2	7	3	231
4.53638	2	7	3	231
4.53682	2	7	3	231
4.53725	2	7	3	231
4.53769	2	7	3	353
4.53813	2	7	3	110
4.53857	2	7	3	353
4.539	2	7	3	231
4.53944	2	7	3	231
4.53988	2	7	3	231
4.54032	2	7	3	353
4.54075	2	7	3	110
4.54119	2	7	3	351
4.54163	2	7	3	231
4.54207	2	7	3	231
4.5425	2	7	3	231
4.54294	2	7	3	353
4.54338	2	7	3	110
4.54382	2	7	3	353
4.54425	2	7	3	231
4.54469	2	7	3	231
4.54513	2	7	3	231
4.54557	2	7	3	353
4.546	2	7	3	110
4.54644	2	7	3	353
4.54688	2	7	3	231
4.54732	2	7	3	231
4.54775	2	7	3	231
4.54813	2	3	3	56
4.54819	2	7	3	231
4.54863	2	7	3	231
4.54907	2	7	3	231
4.5495	2	7	3	231
4.54994	2	7	3	229
4.55038	2	7	3	353
4.55082	2	7	3	231
4.55125	2	7	3	231
4.55169	2	7	3	231
4.55213	2	7	3	231
4.55263	2	7	3	231
4.55307	2	7	3	353
4.5535	2	7	3	231
4.55394	2	7	3	231
4.55438	2	7	3	231
4.55482	2	7	3	231
4.55525	2	7	3	231
4.55569	2	7	3	231
4.55613	2	7	3	353
4.55657	2	7	3	110
4.557	2	7	3	353
4.55744	2	7	3	231
4.55788	2	7	3	231
4.55832	2	7	3	230
4.55875	2	7	3	353
4.55919	2	7	3	231
4.55963	2	7	3	353
4.56007	2	7	3	110
4.5605	2	7	3	353
4.56094	2	7	3	231
4.56138	2	7	3	231
4.56182	2	7	3	231
4.56225	2	7	3	353
4.56269	2	7	3	110
4.56313	2	7	3	351
4.56357	2	7	3	231
4.564	2	7	3	231
4.56444	2	7	3	231
4.56488	2	7	3	231
4.56532	2	7	3	353
4.56575	2	7	3	110
4.56619	2	7	3	180
4.58294	2	7	3	56
4.58294	2	3	3	56
4.58338	2	7	3	56
4.58382	2	7	3	56
4.58425	2	7	3	56
4.58469	2	7	3	56
4.58519	2	7	3	56
4.58557	2	7	3	56
4.586	2	7	3	56
4.58644	2	7	3	56
4.58688	2	7	3	110
4.58732	2	7	3	231
4.58775	2	7	3	231
4.58819	2	7	3	231
4.58863	2	7	3	231
4.58907	2	7	3	231
4.5895	2	7	3	231
4.58994	2	7	3	231
4.59038	2	7	3	110
4.59082	2	7	3	231
4.59125	2	7	3	229
4.59169	2	7	3	231
4.59213	2	7	3	231
4.59263	2	7	3	231
4.59307	2	7	3	231
4.5935	2	7	3	231
4.59394	2	7	3	231
4.59438	2	7	3	231
4.59482	2	7	3	229
4.59525	2	7	3	231
4.59569	2	7	3	231
4.59613	2	7	3	231
4.59657	2	7	3	231
4.597	2	7	3	353
4.59744	2	7	3	110
4.59788	2	7	3	353
4.59832	2	7	3	231
4.59875	2	7	3	231
4.59919	2	7	3	231
4.59963	2	7	3	231
4.60007	2	7	3	231
4.6005	2	7	3	231
4.60094	2	7	3	231
4.60138	2	7	3	231
4.60182	2	7	3	231
4.60225	2	7	3	231
4.60269	2	7	3	231
4.603	2	3	3	56
4.60313	2	7	3	231
4.60357	2	7	3	231
4.604	2	7	3	231
4.60444	2	7	3	229
4.60488	2	7	3	231
4.60532	2	7	3	231
4.60575	2	7	3	231
4.60619	2	7	3	353
4.60663	2	7	3	110
4.60707	2	7	3	353
4.6075	2	7	3	231
4.60794	2	7	3	231
4.60838	2	7	3	231
4.60882	2	7	3	231
4.60925	2	7	3	231
4.60969	2	7	3	231
4.61013	2	7	3	231
4.61057	2	7	3	229
4.611	2	7	3	231
4.61144	2	7	3	353
4.61188	2	7	3	110
4.61232	2	7	3	353
4.61275	2	7	3	231
4.61319	2	7	3	231
4.61363	2	7	3	231
4.61407	2	7	3	353
4.6145	2	7	3	110
4.61494	2	7	3	353
4.61538	2	7	3	231
4.61582	2	7	3	231
4.61625	2	7	3	231
4.61669	2	7	3	353
4.61713	2	7	3	110
4.61763	2	7	3	353
4.61807	2	7	3	231
4.6185	2	7	3	231
4.61894	2	7	3	231
4.61938	2	7	3	353
4.61982	2	7	3	110
4.62025	2	7	3	353
4.62069	2	7	3	231
4.62113	2	7	3	231
4.62157	2	7	3	231
4.622	2	7	3	231
4.62244	2	7	3	231
4.62288	2	7	3	353
4.62332	2	7	3	231
4.62375	2	7	3	231
4.62419	2	7	3	231
4.62463	2	7	3	231
4.62507	2	7	3	231
4.6255	2	7	3	231
4.62594	2	7	3	353
4.62638	2	7	3	110
4.62682	2	7	3	353
4.62725	2	7	3	231
4.62769	2	7	3	231
4.62813	2	7	3	231
4.62857	2	7	3	231
4.629	2	7	3	353
4.62944	2	7	3	110
4.62988	2	7	3	353
4.63032	2	7	3	231
4.63075	2	7	3	231
4.63119	2	7	3	231
4.63163	2	7	3	353
4.63207	2	7	3	110
4.6325	2	7	3	353
4.63294	2	7	3	231
4.63338	2	7	3	231
4.63382	2	7	3	231
4.63425	2	7	3	353
4.63469	2	7	3	110
4.63513	2	7	3	353
4.63557	2	7	3	231
4.636	2	7	3	231
4.63644	2	7	3	231
4.63688	2	7	3	353
4.63732	2	7	3	110
4.63775	2	7	3	239
4.63988	2	3	3	56
4.65413	2	7	3	56
4.6545	2	7	3	56
4.65494	2	7	3	56
4.65538	2	7	3	56
4.65582	2	7	3	56
4.65632	2	7	3	56
4.65669	2	7	3	56
4.65713	2	7	3	56
4.65763	2	7	3	56
4.658	2	7	3	56
4.65844	2	7	3	110
4.65888	2	7	3	231
4.65932	2	7	3	231
4.65975	2	7	3	231
4.66019	2	7	3	231
4.66063	2	7	3	231
4.66107	2	7	3	231
4.6615	2	7	3	231
4.66194	2	7	3	110
4.66238	2	7	3	231
4.66282	2	7	3	229
4.66325	2	7	3	231
4.66369	2	7	3	231
4.66413	2	7	3	231
4.66457	2	7	3	231
4.665	2	7	3	231
4.66544	2	7	3	231
4.66588	2	7	3	231
4.66632	2	7	3	229
4.66675	2	7	3	231
4.66719	2	7	3	231
4.66763	2	7	3	231
4.668	2	3	3	56
4.66807	2	7	3	231
4.6685	2	7	3	231
4.66894	2	7	3	231
4.66938	2	7	3	231
4.66982	2	7	3	229
4.67025	2	7	3	231
4.67069	2	7	3	231
4.67113	2	7	3	353
4.67157	2	7	3	110
4.672	2	7	3	353
4.67244	2	7	3	231
4.67288	2	7	3	231
4.67332	2	7	3	231
4.67375	2	7	3	231
4.67419	2	7	3	231
4.67463	2	7	3	231
4.67507	2	7	3	231
4.6755	2	7	3	231
4.67594	2	7	3	229
4.67638	2	7	3	231
4.67682	2	7	3	231
4.67725	2	7	3	231
4.67769	2	7	3	231
4.67813	2	7	3	231
4.67857	2	7	3	231
4.679	2	7	3	231
4.67944	2	7	3	229
4.67988	2	7	3	231
4.68032	2	7	3	353
4.68075	2	7	3	110
4.68119	2	7	3	353
4.68163	2	7	3	231
4.68207	2	7	3	231
4.6825	2	7	3	231
4.68294	2	7	3	231
4.68338	2	7	3	231
4.68382	2	7	3	231
4.68425	2	7	3	231
4.68469	2	7	3	231
4.68513	2	7	3	231
4.68557	2	7	3	229
4.686	2	7	3	231
4.68644	2	7	3	353
4.68688	2	7	3	110
4.68732	2	7	3	353
4.68775	2	7	3	231
4.68819	2	7	3	353
4.68863	2	7	3	231
4.68907	2	7	3	110
4.6895	2	7	3	353
4.68994	2	7	3	110
4.69038	2	7	3	353
4.69082	2	7	3	231
4.69125	2	7	3	353
4.69169	2	7	3	110
4.69213	2	7	3	353
4.69263	2	7	3	110
4.69307	2	7	3	473
4.6935	2	7	3	231
4.69394	2	7	3	231
4.69438	2	7	3	231
4.69482	2	7	3	231
4.69525	2	7	3	353
4.69569	2	7	3	110
4.69613	2	7	3	353
4.69613	2	3	3	56
4.69657	2	7	3	110
4.697	2	7	3	353
4.69744	2	7	3	231
4.69788	2	7	3	231
4.69832	2	7	3	231
4.69875	2	7	3	231
4.69919	2	7	3	230
4.69963	2	7	3	231
4.70007	2	7	3	353
4.7005	2	7	3	110
4.70094	2	7	3	353
4.70138	2	7	3	231
4.70182	2	7	3	231
4.70225	2	7	3	231
4.70269	2	7	3	231
4.70313	2	7	3	353
4.70357	2	7	3	110
4.704	2	7	3	353
4.70444	2	7	3	231
4.70488	2	7	3	231
4.70532	2	7	3	231
4.70575	2	7	3	231
4.70619	2	7	3	231
4.70663	2	7	3	353
4.70707	2	7	3	110
4.7075	2	7	3	353
4.70794	2	7	3	231
4.70838	2	7	3	353
4.70882	2	7	3	110
4.70925	2	7	3	307
4.71288	2	3	3	56
4.72525	2	7	3	56
4.72563	2	7	3	56
4.72607	2	7	3	56
4.7265	2	7	3	56
4.72694	2	7	3	56
4.72744	2	7	3	56
4.72782	2	7	3	56
4.72825	2	7	3	56
4.72875	2	7	3	56
4.72913	2	7	3	56
4.72957	2	7	3	56
4.73	2	7	3	110
4.73044	2	7	3	231
4.73088	2	7	3	231
4.73132	2	7	3	231
4.73175	2	7	3	231
4.73219	2	7	3	231
4.73263	2	7	3	231
4.73307	2	7	3	231
4.7335	2	7	3	110
4.73394	2	7	3	231
4.73438	2	7	3	229
4.73482	2	7	3	231
4.73525	2	7	3	231
4.73569	2	7	3	231
4.73613	2	7	3	231
4.73657	2	7	3	231
4.737	2	7	3	231
4.73744	2	7	3	231
4.73788	2	7	3	229
4.73832	2	7	3	231
4.73875	2	7	3	231
4.73919	2	7	3	231
4.73963	2	7	3	231
4.74007	2	7	3	231
4.7405	2	7	3	231
4.74094	2	7	3	231
4.74138	2	7	3	229
4.74182	2	7	3	231
4.742	2	3	3	56
4.74225	2	7	3	231
4.74269	2	7	3	231
4.74313	2	7	3	231
4.74357	2	7	3	231
4.744	2	7	3	231
4.74444	2	7	3	231
4.74488	2	7	3	353
4.74532	2	7	3	231
4.74575	2	7	3	231
4.74619	2	7	3	231
4.74663	2	7	3	231
4.74707	2	7	3	231
4.7475	2	7	3	231
4.74794	2	7	3	231
4.74838	2	7	3	231
4.74882	2	7	3	231
4.74925	2	7	3	231
4.74969	2	7	3	231
4.75013	2	7	3	231
4.75057	2	7	3	231
4.751	2	7	3	231
4.75144	2	7	3	231
4.75188	2	7	3	231
4.75232	2	7	3	231
4.75275	2	7	3	231
4.75319	2	7	3	353
4.75363	2	7	3	110
4.75407	2	7	3	353
4.7545	2	7	3	231
4.75494	2	7	3	231
4.75538	2	7	3	231
4.75582	2	7	3	231
4.75625	2	7	3	231
4.75669	2	7	3	231
4.75713	2	7	3	231
4.75763	2	7	3	231
4.75807	2	7	3	353
4.7585	2	7	3	110
4.75894	2	7	3	231
4.75938	2	7	3	353
4.75982	2	7	3	110
4.76025	2	7	3	353
4.76069	2	7	3	231
4.76113	2	7	3	231
4.76157	2	7	3	231
4.762	2	7	3	231
4.76244	2	7	3	353
4.76288	2	7	3	110
4.76332	2	7	3	353
4.76375	2	7	3	231
4.76407	2	3	3	56
4.76419	2	7	3	231
4.76463	2	7	3	231
4.76507	2	7	3	353
4.7655	2	7	3	110
4.76594	2	7	3	353
4.76638	2	7	3	231
4.76682	2	7	3	231
4.76725	2	7	3	231
4.76769	2	7	3	353
4.76813	2	7	3	110
4.76857	2	7	3	353
4.769	2	7	3	231
4.76944	2	7	3	231
4.76988	2	7	3	231
4.77032	2	7	3	231
4.77075	2	7	3	353
4.77119	2	7	3	110
4.77163	2	7	3	353
4.77207	2	7	3	231
4.7725	2	7	3	231
4.77294	2	7	3	353
4.77338	2	7	3	110
4.77382	2	7	3	353
4.77425	2	7	3	231
4.77469	2	7	3	231
4.77513	2	7	3	231
4.77557	2	7	3	231
4.776	2	7	3	353
4.77644	2	7	3	110
4.77688	2	7	3	353
4.77732	2	7	3	231
4.77775	2	7	3	231
4.77819	2	7	3	231
4.77863	2	7	3	231
4.77907	2	7	3	231
4.7795	2	7	3	231
4.77994	2	7	3	231
4.78038	2	7	3	353
4.78082	2	7	3	231
4.78125	2	7	3	31
4.78388	2	3	3	56
4.79638	2	7	3	56
4.79675	2	7	3	56
4.79719	2	7	3	56
4.79763	2	7	3	56
4.79807	2	7	3	56
4.79857	2	7	3	56
4.79894	2	7	3	56
4.79938	2	7	3	56
4.79988	2	7	3	56
4.80025	2	7	3	56
4.80069	2	7	3	56
4.80113	2	7	3	56
4.80157	2	7	3	110
4.802	2	7	3	231
4.80244	2	7	3	231
4.80288	2	7	3	231
4.80332	2	7	3	231
4.80375	2	7	3	231
4.80419	2	7	3	231
4.80463	2	7	3	231
4.80507	2	7	3	110
4.8055	2	7	3	231
4.80594	2	7	3	229
4.80638	2	7	3	231
4.80682	2	7	3	231
4.80725	2	7	3	231
4.80769	2	7	3	231
4.80813	2	7	3	231
4.80857	2	7	3	231
4.809	2	7	3	231
4.809	2	3	3	56
4.80944	2	7	3	229
4.80988	2	7	3	231
4.81032	2	7	3	231
4.81075	2	7	3	231
4.81119	2	7	3	231
4.81163	2	7	3	231
4.81207	2	7	3	231
4.8125	2	7	3	231
4.81294	2	7	3	229
4.81338	2	7	3	231
4.81382	2	7	3	231
4.81425	2	7	3	231
4.81469	2	7	3	231
4.81513	2	7	3	231
4.81557	2	7	3	231
4.816	2	7	3	231
4.81644	2	7	3	229
4.81688	2	7	3	231
4.81732	2	7	3	231
4.81775	2	7	3	353
4.81819	2	7	3	110
4.81863	2	7	3	353
4.81907	2	7	3	231
4.8195	2	7	3	231
4.81994	2	7	3	231
4.82038	2	7	3	231
4.82082	2	7	3	231
4.82125	2	7	3	231
4.82169	2	7	3	231
4.82213	2	7	3	231
4.82263	2	7	3	229
4.82307	2	7	3	231
4.8235	2	7	3	231
4.82394	2	7	3	231
4.82438	2	7	3	231
4.82482	2	7	3	353
4.82525	2	7	3	110
4.82569	2	7	3	231
4.82613	2	7	3	231
4.82657	2	7	3	231
4.827	2	7	3	353
4.82744	2	7	3	231
4.82788	2	7	3	231
4.82832	2	7	3	231
4.82875	2	7	3	231
4.82919	2	7	3	231
4.82963	2	7	3	231
4.83007	2	7	3	231
4.8305	2	7	3	231
4.83094	2	7	3	231
4.83138	2	7	3	231
4.83182	2	7	3	231
4.83225	2	7	3	229
4.83269	2	7	3	231
4.83313	2	7	3	353
4.83357	2	7	3	110
4.834	2	7	3	353
4.83444	2	7	3	231
4.83488	2	7	3	231
4.83532	2	7	3	231
4.83575	2	7	3	231
4.83619	2	7	3	353
4.83619	2	3	3	56
4.83663	2	7	3	110
4.83707	2	7	3	353
4.8375	2	7	3	231
4.83794	2	7	3	231
4.83838	2	7	3	231
4.83882	2	7	3	231
4.83925	2	7	3	353
4.83969	2	7	3	110
4.84013	2	7	3	353
4.84057	2	7	3	231
4.841	2	7	3	231
4.84144	2	7	3	231
4.84188	2	7	3	353
4.84232	2	7	3	110
4.84275	2	7	3	353
4.84319	2	7	3	231
4.84363	2	7	3	231
4.84407	2	7	3	231
4.8445	2	7	3	353
4.84494	2	7	3	110
4.84538	2	7	3	353
4.84582	2	7	3	231
4.84625	2	7	3	231
4.84669	2	7	3	231
4.84713	2	7	3	353
4.84763	2	7	3	110
4.84807	2	7	3	353
4.8485	2	7	3	231
4.84894	2	7	3	231
4.84938	2	7	3	353
4.84982	2	7	3	110
4.85025	2	7	3	353
4.85069	2	7	3	231
4.85113	2	7	3	231
4.85157	2	7	3	231
4.852	2	7	3	231
4.85244	2	7	3	231
4.85288	2	7	3	84
4.8675	2	7	3	56
4.86794	2	7	3	56
4.86832	2	7	3	56
4.86875	2	7	3	56
4.86919	2	7	3	56
4.86969	2	7	3	56
4.87007	2	7	3	56
4.8705	2	7	3	56
4.871	2	3	3	56
4.87107	2	7	3	110
4.8715	2	7	3	60
4.87225	2	7	3	56
4.87269	2	7	3	56
4.87313	2	7	3	110
4.87357	2	7	3	231
4.874	2	7	3	231
4.87444	2	7	3	231
4.87488	2	7	3	231
4.87532	2	7	3	231
4.87575	2	7	3	231
4.87619	2	7	3	231
4.87663	2	7	3	110
4.87707	2	7	3	231
4.8775	2	7	3	229
4.87794	2	7	3	231
4.87838	2	7	3	231
4.87882	2	7	3	231
4.87925	2	7	3	231
4.87969	2	7	3	231
4.88013	2	7	3	231
4.88057	2	7	3	231
4.881	2	7	3	229
4.88144	2	7	3	231
4.88188	2	7	3	231
4.88232	2	7	3	231
4.88275	2	7	3	231
4.88319	2	7	3	231
4.88363	2	7	3	231
4.88407	2	7	3	231
4.8845	2	7	3	229
4.88494	2	7	3	231
4.88538	2	7	3	231
4.88582	2	7	3	231
4.88625	2	7	3	231
4.88669	2	7	3	231
4.88713	2	7	3	231
4.88763	2	7	3	231
4.88807	2	7	3	229
4.8885	2	7	3	231
4.88894	2	7	3	231
4.88938	2	7	3	231
4.88982	2	7	3	231
4.89025	2	7	3	231
4.89069	2	7	3	231
4.89113	2	7	3	231
4.89157	2	7	3	353
4.892	2	7	3	231
4.89244	2	7	3	231
4.89288	2	7	3	231
4.89332	2	7	3	231
4.89375	2	7	3	231
4.89419	2	7	3	231
4.89463	2	7	3	231
4.89507	2	7	3	231
4.8955	2	7	3	231
4.89594	2	7	3	231
4.89638	2	7	3	231
4.89682	2	7	3	231
4.89725	2	7	3	231
4.89769	2	7	3	231
4.89813	2	7	3	231
4.89857	2	7	3	231
4.899	2	7	3	353
4.89944	2	7	3	110
4.89988	2	7	3	353
4.90032	2	7	3	231
4.90075	2	7	3	231
4.90119	2	7	3	231
4.90163	2	7	3	231
4.90207	2	7	3	231
4.9025	2	7	3	231
4.90294	2	7	3	231
4.90338	2	7	3	231
4.90382	2	7	3	231
4.90425	2	7	3	231
4.90469	2	7	3	231
4.90513	2	7	3	231
4.90557	2	7	3	231
4.906	2	7	3	353
4.90644	2	7	3	110
4.90688	2	7	3	351
4.90732	2	7	3	231
4.90775	2	7	3	231
4.90819	2	7	3	231
4.90863	2	7	3	231
4.90907	2	7	3	353
4.9095	2	7	3	110
4.90994	2	7	3	353
4.91038	2	7	3	231
4.91082	2	7	3	231
4.91125	2	7	3	231
4.91169	2	7	3	231
4.91207	2	3	3	56
4.91213	2	7	3	353
4.91263	2	7	3	110
4.91307	2	7	3	353
4.9135	2	7	3	231
4.91394	2	7	3	231
4.91438	2	7	3	353
4.91482	2	7	3	110
4.91525	2	7	3	353
4.91569	2	7	3	231
4.91613	2	7	3	231
4.91657	2	7	3	231
4.917	2	7	3	353
4.91744	2	7	3	110
4.91788	2	7	3	352
4.91832	2	7	3	231
4.91875	2	7	3	231
4.91919	2	7	3	231
4.91963	2	7	3	231
4.92007	2	7	3	353
4.9205	2	7	3	110
4.92094	2	7	3	353
4.92138	2	7	3	231
4.92182	2	7	3	231
4.92225	2	7	3	231
4.92269	2	7	3	353
4.92313	2	7	3	110
4.92357	2	7	3	353
4.924	2	7	3	231
4.92444	2	7	3	46
4.93863	2	7	3	56
4.93888	2	3	3	56
4.93907	2	7	3	56
4.93944	2	7	3	56
4.93988	2	7	3	56
4.94032	2	7	3	56
4.94082	2	7	3	56
4.94119	2	7	3	56
4.94163	2	7	3	56
4.94219	2	7	3	56
4.94263	2	7	3	110
4.94307	2	7	3	60
4.94382	2	7	3	56
4.94425	2	7	3	56
4.94475	2	7	3	110
4.94519	2	7	3	231
4.94563	2	7	3	231
4.94607	2	7	3	231
4.9465	2	7	3	231
4.94694	2	7	3	231
4.94738	2	7	3	231
4.94782	2	7	3	231
4.94825	2	7	3	110
4.94869	2	7	3	231
4.94913	2	7	3	229
4.94957	2	7	3	231
4.95	2	7	3	231
4.95044	2	7	3	231
4.95088	2	7	3	231
4.95132	2	7	3	231
4.95175	2	7	3	231
4.95219	2	7	3	231
4.95263	2	7	3	229
4.95307	2	7	3	231
4.9535	2	7	3	231
4.95394	2	7	3	231
4.95438	2	7	3	231
4.95482	2	7	3	231
4.95525	2	7	3	231
4.95569	2	7	3	231
4.95613	2	7	3	229
4.95657	2	7	3	231
4.957	2	7	3	231
4.95744	2	7	3	231
4.95788	2	7	3	231
4.95832	2	7	3	231
4.95875	2	7	3	231
4.95919	2	7	3	231
4.95963	2	7	3	229
4.96007	2	7	3	231
4.9605	2	7	3	231
4.96094	2	7	3	231
4.96138	2	7	3	231
4.96182	2	7	3	231
4.96225	2	7	3	231
4.96269	2	7	3	231
4.96313	2	7	3	229
4.96357	2	7	3	231
4.964	2	7	3	231
4.96444	2	7	3	353
4.96488	2	7	3	110
4.96507	2	3	3	56
4.96532	2	7	3	353
4.96575	2	7	3	231
4.96619	2	7	3	231
4.96663	2	7	3	231
4.96707	2	7	3	231
4.9675	2	7	3	231
4.96794	2	7	3	231
4.96838	2	7	3	231
4.96882	2	7	3	231
4.96925	2	7	3	229
4.96969	2	7	3	231
4.97013	2	7	3	231
4.97057	2	7	3	231
4.971	2	7	3	231
4.97144	2	7	3	231
4.97188	2	7	3	231
4.97232	2	7	3	231
4.97275	2	7	3	353
4.97319	2	7	3	231
4.97363	2	7	3	231
4.97407	2	7	3	231
4.9745	2	7	3	231
4.97494	2	7	3	231
4.97538	2	7	3	231
4.97582	2	7	3	231
4.97625	2	7	3	231
4.97669	2	7	3	231
4.97713	2	7	3	231
4.97763	2	7	3	231
4.97807	2	7	3	231
4.9785	2	7	3	231
4.97894	2	7	3	231
4.97938	2	7	3	231
4.97982	2	7	3	353
4.98025	2	7	3	110
4.98069	2	7	3	353
4.98113	2	7	3	231
4.98157	2	7	3	231
4.982	2	7	3	231
4.98244	2	7	3	231
4.98288	2	7	3	353
4.98313	2	3	3	56
4.98332	2	7	3	231
4.98375	2	7	3	231
4.98419	2	7	3	231
4.98463	2	7	3	230
4.98507	2	7	3	231
4.9855	2	7	3	231
4.98594	2	7	3	353
4.98638	2	7	3	110
4.98682	2	7	3	353
4.98725	2	7	3	231
4.98769	2	7	3	231
4.98813	2	7	3	231
4.98857	2	7	3	353
4.989	2	7	3	110
4.98944	2	7	3	353
4.98988	2	7	3	110
4.99032	2	7	3	353
4.99075	2	7	3	231
4.99119	2	7	3	231
4.99163	2	7	3	353
4.99207	2	7	3	110
4.9925	2	7	3	353
4.99294	2	7	3	231
4.99338	2	7	3	231
4.99382	2	7	3	231
4.99425	2	7	3	353
4.99469	2	7	3	110
4.99513	2	7	3	353
4.99557	2	7	3	231
4.996	2	7	3	110
